#nicht meine Daten, aber ich möchte welche
#𝑡/[min] 𝑇/[°C] 𝐼/[pA] 
0 -65.1 0.16 0   
1 -63.5 0.17 1.6 
2 -61.1 0.17 2.4 
3 -58.5 0.19 2.6 
4 -56.4 0.23 2.1 
5 -54.2 0.26 2.2 
6 -52.5 0.29 1.7 
7 -50.9 0.32 1.6 
8 -49.2 0.35 1.7 
9 -47.6 0.40 1.6 
10 -45.8 0.47 1.8
11 -44.0 0.51 1.8
12 -42.0 0.70 2.0
13 -39.9 0.90 2.1
14 -38.0 1.2 1.9 
15 -36.3 1.4 1.7 
16 -34.6 1.6 1.7 
17 -33.0 2.2 1.6 
18 -31.5 2.8 1.5 
19 -29.8 3.5 1.7 
20 -28.0 4.4 1.8
21 -26.3 5.5 1.7 
22 -24.6 6.8 1.7 
23 -23.0 8.1 1.6 
24 -21.4 9.6 1.6 
25 -19.8 11 1.6  
26 -18.0 13 1.8
27 -16.2 14 1.8
28 -14.5 15 1.7
29 -12.7 15 1.8
30 -11.0 14 1.7
31 -9.2 13  1.8
32 -7.5 11  1.7
33 -5.8 9.3 1.7
34 -4.0 7.8 1.8
35 -2.4 6.8 1.6
36 -0.6 6.3 1.8
37 1.5 6.4  2.1
38 3.4 6.8  1.9
39 5.4 7.3  2.0
40 7.4 7.9  2.0
41 9.3 8.5  1.9
42 11.3 9.1 2.0
43 13.3 9.7 2.0
44 15.0 10  1.7
45 16.7 11  1.7
62 41.4 3.2 1.45
63 42.8 3.1 1.4
64 44.1 3.1 1.3
65 46.2 3.2 2.1
66 48.8 3.2 2.6
67 51.0 3.1 2.2