#Lichtfarbe : gelb
#U in V I in nA
-0.553      0.0
-0.50       0.006
-0.4        0.028
-0.3        0.079
-0.2        0.15
-0.1        0.21
0           0.255
0.1         0.3
0.2         0.34
0.3         0.38
0.4         0.42
0.5         0.44
0.6         0.48
0.8         0.54
1.0         0.58
1.5         0.7
2.0         0.82
2.5         0.98
3.0         1.1
3.5         1.2
4.0         1.3
4.5         1.4
5.0         1.5
5.5         1.55
6.0         1.575
6.5         1.65
7.0         1.7
7.5         1.8
8.0         1.8
9.0         1.9
10.0        2.0
11.0        2.05
12.0        2.125
13.0        2.15
14.0        2.175
16.0        2.25
18.0        2.4
19.0        2.45