#I = 2.2 , U = 4
2       0.003
4       0.008
6       0.015
8       0.020
10      0.039
12      0.036
14      0.044
16      0.053
18      0.061
20      0.070
22      0.080
24      0.089
26      0.101
28      0.110
30      0.121
32      0.129
34      0.140
36      0.146
38      0.156
40      0.168
42      0.177
44      0.188
46      0.200
48      0.212
50      0.222
52      0.235
54      0.244
56      0.252
58      0.262
60      0.269
65      0.306
70      0.335
75      0.360
80      0.385
85      0.405
90      0.425
95      0.446
100     0.459
110     0.474
120     0.496
130     0.512
140     0.524
150     0.530
160     0.532
170     0.535
180     0.540
190     0.543
200     0.546