#U = 5, I =2.4
5       0.015
10      0.034
15      0.056
16      0.062
18      0.072
20      0.085
22      0.094
24      0.105
26      0.116
28      0.130
30      0.140
32      0.155
34      0.162
36      0.175
38      0.190
40      0.207
42      0.221
44      0.233
46      0.251
48      0.266
50      0.281
52      0.296
54      0.314
56      0.336
58      0.353
60      0.376
65      0.426
70      0.473
75      0.526
80      0.580
85      0.629
90      0.671
95      0.717
100     0.750
105     0.814
110     0.890
115     0.950
130     1.003
140     1.090
150     1.181
160     1.284
170     1.370
180     1.455
190     1.540
200     1.616
210     1.688
220     1.765
230     1.833
240     1.950
250     1.996