# Wassertempetur in °C Druck in bar 
#ab 48 °C Heizung auf max gesetzt
18          23
19          37
20          42
21          46
22          49
23          53
24          56
25          60
26          63
27          66
28          69
29          74
30          77
31          81
32          84
33          89
34          91
35          95
36          99
37          103
38          107
39          112
40          116
41          120
42          124
43          129
44          133
45          138
46          144
47          149
48          156
49          161
50          166
51          174
52          178
53          185
54          190
55          196
56          202
57          207
58          214
59          220
60          227
61          233
62          249
63          254
64          262
65          270
66          280
67          296
68          310
69          322
70          336
71          348
72          363
73          377
74          396
75          409
76          427
77          448
78          449
79          480
80          503
81          521
82          540
83          562
84          583
85          606
86          630
87          651
88          679
89          707
90          733
91          760
92          791
93          817
94          850
95          882
96          916
97          945
98          983
99          1014
100         1048
