delta_r_2
53.76290725907021
49.44365680497908
42.044527937503275
39.36533067775743
38.96743109599614
38.43857536002055
delta_g_2
58.43450462491701
50.264834662978885
42.704545979016025
39.944817363137275
39.50415900685267
38.93133069906041
Lambda 600
[542.61359076 651.21854748]
[542.61359076 651.21854748]
lambda_600_g_ufloat
542.6135907619278+/-0
lambda_600_r_ufloat
651.218547482123+/-0
Lambda 300
[521.63506976 637.3071515 ]
[528.84109401 624.34432236]
[521.4482168  636.02998459]
[521.4482168  636.02998459]
[528.84109401 624.34432236]
[521.63506976 637.3071515 ]
lambda_300_g_ufloat
0.0+/-0
lambda_300_r_ufloat
0.0+/-0
labda_100_g
601.8150231520483
547.1372890038523
528.2728271758743
535.1522763084457
528.841094008487
534.4767521565137
541.0990348452573
521.4482168007696
522.6423163382673
523.3595624294383
523.3595624294383
522.6423163382673
521.4482168007696
541.0990348452573
534.4767521565137
542.6135907619278
546.6906176644139
547.9639334863467
521.6350697621009
lambda_100_g_ufloat
536+/-18
labda_100_r
643.7975936375677
637.4254472997269
637.805720608483
651.1363089143134
647.0476127563019
636.0299845884828
652.6309611002579
697.5647374412531
697.5647374412531
652.6309611002579
636.0299845884828
647.0476127563019
651.1363089143134
651.218547482123
lambda_100_r_ufloat
653+/-19
