#Zeit in ns
#20
#links ist negativ
#Verzögerungsdauer      Messdauer       Counts
-32                     120             33
-24                     60              384
-20                     60              919
-16                     30              658
-12                     30              620
-8                      30              632
-4                      30              656
-3                      30              639
-2                      30              619 
-1                      30              585 
1                       20              453
2                       20              452
3                       20              468
4                       20              482
8                       20              427
12                      20              402
16                      30              476
20                      60              456
24                      60              117
32                      120             22