$SPEC_ID:
No sample description was entered.
$SPEC_REM:
DET# 1
DETDESC# MYON MCB 337
AP# Maestro Version 6.06
$DATE_MEA:
04/19/2023 15:15:31
$MEAS_TIM:
160955 160956
$DATA:
0 511
       0
       0
       0
       0
      25
      29
      19
      33
      41
      22
      31
      28
      27
      30
      23
      26
      30
      32
      30
      30
      56
      34
      50
      30
      25
      25
      26
      30
      27
      25
      15
      30
      24
      26
      20
      25
      17
      21
      25
      23
      25
      31
      21
      23
      20
      31
      21
      24
      15
      24
      20
      17
      20
      10
      13
      20
      22
      21
      11
      19
      19
      17
      17
      13
      16
      12
      18
      16
      16
      16
      18
      27
      22
      10
      20
      21
      14
      13
      12
      13
      11
      14
      22
      12
      13
      18
      15
      13
       9
      14
      15
      18
      16
      13
      15
       8
      10
      10
      10
      12
       8
      11
      10
      10
      14
      12
      10
       9
       9
      13
       8
      19
       9
      10
      11
       5
      11
      11
       6
      13
      10
       1
       7
       5
       8
      10
       5
       7
       6
       7
      10
       7
      11
      11
       7
       8
       5
       7
       6
       7
      10
       9
       6
       7
       8
       5
       5
      11
       9
       9
       6
       8
       8
       7
       2
       3
       6
       9
       5
       5
       7
       9
       4
       7
       7
       4
       3
      10
       9
       8
       8
       6
       6
       6
       6
       9
       7
       3
       1
       3
       5
       6
       7
       6
       3
       9
       1
       4
       4
       4
       2
       2
       5
       5
       3
       4
       6
       3
       6
       5
       2
       7
       2
       4
       4
       5
       4
       2
       7
       2
       6
       3
       4
       3
       5
       1
       5
       7
       5
       7
       5
       4
       3
       3
       5
       3
       1
       5
       5
       3
       3
       5
       5
       2
       0
       2
       0
       3
       2
       3
       3
       5
       3
       6
       4
       2
       2
       5
       3
       2
       2
       4
       4
       2
       3
       6
       3
       1
       1
       5
       1
       4
       0
       1
       4
       1
       3
       1
       1
       2
       2
       3
       3
       1
       3
       2
       3
       3
       4
       4
       1
       3
       2
       0
       1
       6
       4
       4
       1
       2
       2
       0
       3
       2
       1
       3
       0
       3
       3
       3
       3
       2
       0
       1
       0
       4
       6
       2
       8
       1
       2
       1
       2
       2
       2
       3
       2
       0
       2
       1
       2
       1
       3
       0
       2
       1
       3
       2
       3
       0
       2
       1
       1
       1
       2
       3
       2
       2
       2
       1
       1
       0
       0
       4
       2
       4
       1
       1
       1
       5
       1
       1
       1
       2
       0
       1
       0
       1
       0
       1
       3
       3
       1
       0
       1
       2
       0
       0
       0
       4
       0
       0
       1
       1
       2
       0
       2
       3
       4
       3
       1
       1
       1
       2
       3
       1
       1
       0
       2
       1
       0
       2
       1
       1
       2
       2
       1
       2
       0
       1
       1
       3
       2
       0
       1
       1
       1
       1
       2
       2
       4
       0
       2
       2
       0
       1
       0
       0
       1
       3
       3
       1
       3
       1
       0
       1
       2
       1
       0
       1
       1
       2
       4
       2
       1
       1
       0
       0
       0
       0
       0
       0
       0
       0
       0
       0
       0
       0
       0
       0
       0
       0
       0
       0
       0
       0
       0
       0
       0
       0
       0
       0
       0
       0
       0
       0
       0
       0
       0
       0
       0
       0
       0
       0
       0
       0
       0
       0
       0
       0
       0
       0
       0
       0
       0
       0
       0
       0
       0
       0
       0
       0
       0
       0
       0
       0
       0
       0
       0
       0
       0
       0
       0
       0
       0
       0
       0
       0
       0
       0
       0
       0
$ROI:
0
$PRESETS:
None
0
0
$ENER_FIT:
-2.326062 0.088583
$MCA_CAL:
3
-2.326062E+000 8.858320E-002 -1.636990E-004 micr
$SHAPE_CAL:
3
0.000000E+000 0.000000E+000 0.000000E+000
