#T = 173.5, 1 Kästchen
0.0     0
0.6     0
1.2     0
1.8     0
2.4     0
3.0     0
3.6     0
4.2     0
4.8     0
5.4     0
6.0     0
6.6     0
7.2     0
7.8     0
8.4     0
9.0     3
9.6     3.5
10.2    4
10.8    4
11.4    3.5
12.0    3
12.6    2
13.2    3
13.8    5
14.4    9
15.0    13
15.6    20
16.2    23
16.8    23
17.4    13
18.0    9
18.6    6
19.2    5
19.8    6
20.4    10
21.0    14
21.6    21
22.2    30
22.8    40
23.4    39
24.0    35
24.6    28
25.2    16
25.8    12
26.4    12
27.0    13
27.6    18
28.2    25
28.8    34
29.4    39
30.0    45
30.6    50
31.2    45
31.8    36
32.4    30
33.0    28
33.6    27
34.2    27
34.8    30
35.4    38
36.0    43
36.6    50
37.2    54
37.8    54
38.4    53
39.0    50
39.6    47
40.2    45
40.8    43
41.4    43
42.0    45
42.6    50
43.2    54
43.8    59
44.4    62
45.0    63
45.6    64
46.2    64
46.8    64
47.4    64
48.0    63
49.2    64
50.4    69
51.0    72
51.6    78
52.8    82
54.0    83
54.6    85
55.8    87
57.0    89
57.6    94
58.8    100
60.0    102