Messung_2 Abweichung
[2.19544984e-02 1.84119526e+01 2.23606798e+01 1.00000000e-03]
[2.10713075e-02 1.83030052e+01 2.23606798e+01 1.41421356e-03]
[2.00000000e-02 1.83847763e+01 2.23606798e+01 1.00000000e-03]
[1.83847763e-02 1.71172428e+01 2.00000000e+01 2.23606798e-03]
[1.73781472e-02 1.80000000e+01 2.00000000e+01 1.00000000e-03]
[1.59059737e-02 1.50996689e+01 1.73205081e+01 1.00000000e-03]
[1.41421356e-02 2.55929678e+01 1.73205081e+01 1.00000000e-03]
[1.26491106e-02 3.47419055e+01 1.41421356e+01 1.00000000e-03]
[1.23288280e-02 4.42379927e+01 1.41421356e+01 7.07106781e-04]
[1.11803399e-02 4.36577599e+01 1.41421356e+01 0.00000000e+00]
[1.00000000e-02 8.94762538e+01 1.41421356e+01 0.00000000e+00]
Apsorptionskoeffizien 1 a
-96.95835274868796
Null Aktivität 1 a
4.740244062296622
Apsorptionskoeffizien 1 a Abweichung
5.078603684905132
Null Aktivität 1 a Abweichung
0.014235354574739865
Apsorptionskoeffizient 1 b
-33.48398836618611
Apsorptionskoeffizien 1 b Abweichung
22.8240262447823
Null Aktivität 1 b
4.8270247937786195
Null Aktivität 1 b Abweichung
0.15310805084731036
Ausgleichgerade 1
-14.514023477723123
7.580085748099921
Ausgleichgerade 2
-0.28087913560412187
-0.04847422226054221
R_max in g/m^2
0.54+/-0.14
E_max in MeV
1.22+/-0.28
 Aktivität_a0
0.9388888888888889
Aktivität_a0_abw
0.032298759674996964
Aktivität_1_a_min_a0
106.14111111111112
102.54111111111112
98.12111111111112
99.54111111111112
99.77111111111111
103.36111111111111
100.88111111111111
40.84611111111111
44.27611111111111
15.936111111111112
Aktivität_1_a_min_a0_poissonabw
1.0347946656221223
1.0172511980823615
0.9952889027814988
1.0023971268913334
1.003543721020664
1.0212737145349429
1.009058967553433
0.457083143421413
0.475473448259732
0.2904737509655563
popt_21
-14.514023477723123
1958.7969213011406
popt_22
-0.28087913560412187
0.9526818969750394
np.sqrt pcov_21
[3.37967107        nan]
[       nan 0.95675503]
np.sqrt pcov_22
[0.08922983        nan]
[       nan 0.08883246]
Aktivität_1_b_min_a0
108.54111111111112
110.43111111111112
109.71111111111112
108.59111111111112
183.6811111111111
48.37611111111111
50.34611111111111
Aktivität_1_b_min_a0_poissonabw
1.0463269087622664
1.0553198567259123
1.0519030373565805
1.0465658125507444
1.3587494250228775
0.49656318832551416
0.506384241460968
Aktivität_2_min_a0
0.034666666666666734
0.026666666666666727
0.03266666666666673
0.08916666666666673
0.16666666666666674
0.1166666666666667
1.5399999999999998
5.391666666666667
9.141666666666667
8.886666666666667
39.38666666666667
Aktivität_2_min_a0_poissonabw
0.004525145604046973
0.0043072507604492855
0.0044707929467035085
0.010494347246562258
0.012701240325003034
0.0180334698934747
0.05301113293880121
0.1414107679854051
0.18889120393094969
0.18599003985443377
0.41508250949035375
