#Winkel in °,  Strom in mu A
0   0.1476
5   1.078
10  2.777
15  5.145
20  9.41
25  12.48
30  18.61
35  22.85
40  30.22
45  37.32
50  42.34
55  45.84
60  53.56
65  58.1
70  62.2
75  66.3
80  66.6
85  67.5
90  67.0
95  67.4
100 68.7
105 64.1
110 60.8
115 57.1
120 52.3
125 45.4
130 41.1
135 33.9
140 28.2
145 21.1
150 15.4
155 11.88
160 6.88
165 3.50
170 1.55
175 0.580
180 0.157
185 1.134
190 2.580
195 5.149
200 8.86
205 12.73
210 18.10
215 23.12
220 30.44
225 36.33
230 40.70
235 47.99
240 54.64
245 57.4
250 61.1
255 63.4
260 65.5
265 66.7
270 65.2
275 65.3
280 64.7
285 60.6
290 57.3
295 53.8
300 49.2
305 44.9
310 38.5
315 31.5
320 28.4
325 20.9
330 15.2
335 10.5
340 7.08
345 3.43
350 1.92
355 0.40
360 0.183