#plan konv r=? background = 6nA
#l in cm , I in mu A
44  345 690 1031
46  330 630 990
50  315 630 945
52  308 611 915 1219
54  293 585 881 1170
56  281 563 844
58  270 536 806 1073
60  259 518 776 1039
62  251 503 754 1001
64  244 488 728 971
66  236 473 705 941
68  229 456 683 911 1136
70  221 446 664 885 1110
72  218 431 645 863 1076
74  206 409 611 816 1020
76  199 398 600 799 998  1196
78  195 390 585 776 971  1166
80  191 379 570 758 949  1136
85  180 356 536 713 893  1069 1249
90  169 338 510 679 848  1013 1185
95  161 319 476 638 795  956  1114 1275
100 150 304 454 608 754  908  1061 1211
110 139 278 413 551 686  825  960  1099
120 128 251 379 506 630  758  881  1005  1133
130 233 465 694 926 1159 1391