#T = 191.2
0.0     0.0
0.5     0.0
1.0     0.0
1.5     0.0
2.0     0.0
2.5     0.0
3.0     0.0
3.5     0.0
4.0     0.0
4.5     0.0
5.0     0.0
5.5     1
6.0     1
6.5     1
7.0     1
7.5     2
8.0     3
8.5     3.5
9.0     3.5
9.5     3.5
10.0    3
10.5    3
11.0    3
11.5    3.5
12.0    7
12.5    10
13.0    15
13.5    19        
14.0    19
14.5    14
15.0    11
15.5    7
16.0    6
16.5    6
17.0    9
17.5    12
18.0    15
18.5    23
19.0    31
19.5    33
20.0    30
20.5    21
21.0    16
21.5    9
22.0    9
22.5    11
23.0    13
23.5    17
24.0    23
24.5    38
25.0    43
25.5    43
26.0    38
26.5    29
27.0    20
27.5    17
28.0    16
28.5    17
29.0    20
29.5    29
30.0    36
30.5    44
31.0    49
31.5    49
32.0    46
32.5    35
33.0    29
33.5    24
34.0    24
34.5    25
35.0    28
35.5    33
36.0    41
36.5    46
37.0    50
37.5    51
38.0    47
38.5    40
39.0    38
39.5    36
40.0    33
40.5    33
41.0    35
41.5    40
42.0    46
42.5    50
43.0    52
43.5    53
44.0    51
44.5    50
45.0    48
45.5    46
46.0    44    
46.5    44
47.0    46
47.5    49
48.0    51
48.5    55
49.0    58
49.5    59
50.0    59
50.5    58
51.0    57
51.5    56
52.0    55
52.5    55
53.0    57
53.5    58
54.0    59
54.5    62
55.0    64
55.5    65
56.0    67
56.5    67
57.0    67
57.5    67
58.0    69
58.5    71
59.0    72
59.5    73
60.0    76