$SPEC_ID:
No sample description was entered.
$SPEC_REM:
DET# 7089150
DETDESC# PRAKTIKUM 926
AP# Maestro Version 7.01
$DATE_MEA:
02/10/2002 03:06:25
$MEAS_TIM:
86960 86975
$DATA:
0 8191
       0
       0
       0
       0
       0
       0
       0
       0
       0
       0
       0
       0
       0
       0
       0
       0
       0
       0
       0
       0
       0
       0
       0
       0
       0
       0
       0
       0
       0
       0
       0
       0
       0
       0
       0
       0
       0
       0
       0
       0
       0
       0
       0
       0
       0
       0
       0
       0
       0
       0
       1
       1
       9
      29
      62
     123
     207
     233
     274
     254
     271
     255
     243
     278
     240
     247
     227
     247
     232
     248
     215
     222
     233
     217
     232
     219
     223
     219
     228
     189
     244
     221
     203
     191
     205
     197
     206
     212
     185
     196
     193
     192
     175
     201
     180
     168
     190
     169
     148
     186
     180
     164
     189
     195
     168
     164
     155
     176
     161
     158
     166
     170
     177
     152
     155
     134
     185
     170
     155
     179
     149
     173
     157
     165
     154
     172
     128
     144
     156
     144
     169
     141
     135
     142
     152
     170
     129
     164
     131
     133
     138
     137
     144
     144
     136
     155
     129
     120
     121
     151
     125
     127
     133
     139
     145
     112
     162
     146
     130
     133
     127
     136
     116
     138
     124
     135
     136
     118
     123
     106
     150
     113
     121
     121
     129
     117
     126
     120
     118
     119
     123
     119
     114
     104
     120
     128
     122
     110
     122
     133
     130
     118
     125
     105
     114
     118
     112
     110
     109
     104
     124
     122
     134
     134
     112
     120
     129
     132
     125
     132
     132
     137
      98
     110
     135
     108
     123
     129
     115
     119
     101
     113
     126
     132
     119
      89
     124
     113
     131
     117
     130
      95
     125
     115
     121
     101
     115
     106
      96
     107
     104
     110
     103
     117
      91
     118
     128
     123
     115
     116
     106
      95
     101
     109
     126
     116
     121
     115
     110
     108
     113
     104
     120
      99
     102
     112
     108
     109
     123
     120
     115
     133
     121
     103
     106
     107
      98
     109
     106
     103
      83
      97
     108
     123
      94
     112
     116
     104
     100
     115
     100
     117
     117
     121
     130
     132
     122
     115
     113
     115
     124
     109
     108
     118
     101
      96
     110
     117
     114
     113
     112
     154
     124
     111
     125
     129
     117
     128
     130
     125
     116
     100
     121
     115
     102
     137
     147
     107
     115
     111
     103
     128
     109
     131
     109
     122
     120
     119
     122
     131
     115
     111
     106
     100
     111
     100
     135
     129
     121
     135
     104
     114
     123
     122
     142
     144
     135
     172
     193
     183
     184
     149
     150
     164
     150
     181
     196
     235
     243
     257
     226
     204
     174
     179
     169
     138
     129
     139
     155
     139
     147
     142
     157
     136
     126
     132
     124
     126
     137
     141
     141
     129
     149
     129
     113
     121
     125
     140
     132
     132
     116
     119
     147
     110
     129
     127
     133
     145
     109
     134
     138
     161
     166
     160
     191
     183
     200
     171
     184
     174
     182
     147
     168
     137
     154
     148
     175
     180
     157
     164
     156
     165
     138
     151
     146
     162
     136
     140
     112
     159
     138
     142
     154
     129
     134
     131
     138
     140
     147
     171
     163
     212
     187
     203
     200
     191
     187
     172
     170
     161
     154
     138
     149
     129
     147
     151
     129
     132
     136
     129
     147
     160
     140
     154
     134
     124
     175
     134
     151
     154
     154
     163
     147
     147
     161
     144
     141
     148
     136
     144
     145
     142
     153
     122
     167
     145
     130
     157
     142
     149
     139
     154
     168
     142
     155
     139
     172
     159
     144
     157
     144
     170
     150
     165
     141
     147
     159
     152
     155
     141
     152
     148
     175
     158
     158
     145
     138
     148
     165
     145
     156
     148
     142
     160
     153
     172
     152
     146
     159
     164
     162
     148
     133
     167
     149
     151
     161
     147
     164
     167
     167
     148
     149
     126
     150
     157
     162
     154
     177
     167
     169
     158
     170
     150
     156
     149
     145
     148
     135
     155
     159
     162
     153
     166
     169
     160
     139
     146
     161
     142
     162
     132
     141
     193
     143
     169
     183
     151
     158
     152
     162
     167
     186
     141
     164
     139
     154
     165
     152
     165
     150
     156
     142
     201
     146
     164
     153
     153
     190
     151
     175
     167
     143
     146
     169
     151
     172
     153
     164
     164
     164
     180
     150
     178
     133
     176
     176
     174
     172
     146
     146
     146
     179
     150
     183
     175
     155
     173
     138
     165
     164
     145
     174
     161
     135
     132
     160
     144
     160
     162
     144
     157
     171
     155
     131
     152
     178
     170
     160
     154
     143
     145
     161
     160
     158
     156
     155
     160
     149
     161
     141
     189
     155
     169
     159
     178
     159
     148
     162
     148
     176
     146
     168
     159
     161
     176
     139
     155
     138
     174
     154
     145
     157
     153
     177
     136
     160
     157
     138
     165
     163
     160
     167
     171
     166
     153
     149
     151
     136
     158
     154
     130
     157
     131
     162
     128
     156
     168
     150
     170
     149
     143
     165
     140
     147
     140
     130
     156
     151
     166
     155
     144
     145
     147
     148
     142
     166
     155
     153
     143
     140
     128
     164
     143
     147
     143
     145
     134
     138
     150
     142
     167
     143
     138
     141
     162
     148
     144
     155
     142
     146
     155
     147
     128
     137
     131
     149
     131
     118
     150
     142
     129
     143
     128
     152
     154
     170
     145
     157
     120
     119
     146
     149
     157
     145
     145
     139
     148
     136
     159
     142
     164
     130
     133
     131
     135
     174
     151
     151
     162
     156
     146
     147
     161
     142
     140
     148
     134
     138
     143
     124
     135
     108
     131
     137
     117
     117
     133
     138
     139
     139
     126
     140
     133
     122
     161
     133
     148
     104
     116
     127
     138
     124
     138
     120
     126
     136
     111
     150
     133
     141
     137
     149
     131
     130
     146
     127
     155
     119
     126
     132
     147
     133
     139
     137
     129
     104
     148
     124
     132
     121
     124
     134
     144
     152
     142
     128
     117
     148
     127
     126
     125
     110
     117
     122
     113
     135
     133
     133
     131
     122
     128
     131
     160
     126
     110
     126
     153
     126
     133
     111
     134
     128
     140
     128
     122
     120
     115
     125
     146
     152
     155
     175
     192
     160
     162
     173
     133
     141
     134
     120
     128
     131
     101
     142
     128
     130
     119
     126
     114
     124
     120
     105
     124
     127
     124
     120
     126
     153
     129
     139
     116
     122
     138
     125
     120
     122
     100
     139
     130
     112
     117
     116
     132
     104
      96
     102
     115
     130
     130
     105
     126
     112
     104
     108
      99
     132
     135
     131
     107
     128
     121
     111
     132
     102
     121
     101
     125
     114
     112
     106
     105
     134
     117
     112
     117
     111
     118
     117
     113
      91
     120
     104
     114
     122
     103
     101
     104
     131
     128
     111
      97
     119
     121
     117
     119
     109
     118
     111
     103
     116
     105
     117
     103
     114
     131
     107
     111
      98
     102
     113
      94
     103
      96
      96
     116
     118
     112
     102
      98
     107
     104
     103
     108
     105
     111
     120
     100
     120
      85
     118
     110
      82
      87
      88
      94
     104
     105
     116
      87
     113
     103
     108
     112
     118
      96
      83
     108
      91
      96
     107
     119
      97
     104
     102
     106
     119
     101
     108
      97
     102
     101
      96
     100
     100
     111
     124
      98
     105
      96
     108
     102
      95
      80
     103
     103
      98
     109
     102
      97
     113
     101
     105
     111
      89
      83
      97
     111
      98
     100
     119
     112
     106
      94
     108
     103
     103
     100
     100
      95
      75
      92
     111
     104
     118
     118
      76
      99
     106
     111
      99
      88
      94
     102
      92
     105
     102
     114
      89
     100
     106
     100
      91
     100
      77
     103
     104
      97
      95
     104
     117
     108
      77
      95
      83
     107
     100
      83
      98
      81
      89
      80
     103
     103
     102
      92
      91
      92
     112
     100
      86
      86
      81
     110
     127
     125
     142
     124
     130
     157
     127
     139
      95
     120
      85
      85
     107
      87
     108
      92
      94
      99
      86
     113
      85
     103
      85
     105
     106
      84
      89
      76
      86
      95
      88
      98
      90
      94
      70
      81
      80
      84
      90
      87
      81
      74
      73
      98
      74
      91
      78
      72
      95
     103
      73
      87
      75
      73
      83
      88
      81
      88
      90
      88
      74
      84
      75
      85
      83
      82
      88
      83
      75
      69
      70
      83
      84
      87
      73
      95
      75
      85
      66
      86
      79
      86
      69
      59
      80
      74
      76
      73
      96
      67
      81
      64
      96
      78
      88
      85
      83
      70
      78
      84
      65
      80
      71
      69
      72
      83
      66
      79
      55
      77
      81
      86
      66
      63
      68
      70
      78
      78
      68
      62
      72
      72
      93
      85
      77
      75
      74
      76
      70
      71
      73
      80
      66
      80
      73
      73
      92
      73
      70
      65
      68
      78
      87
      78
      72
      90
      68
      83
      77
      74
      72
      75
      65
      72
      90
      62
      74
      95
      59
      78
      62
      72
      79
      71
      66
      78
      83
      74
      61
      70
      77
      58
      87
      71
      72
      65
      61
      67
      73
      64
      53
      70
      62
      86
      55
      74
      75
      69
      63
      66
      77
      67
      75
      65
      75
      63
      79
      74
      75
      64
      68
      64
      65
      67
      63
      59
      74
      76
      58
      71
      65
      77
      62
      69
      74
      79
      63
      67
      54
      61
      67
      71
      69
      56
      78
      61
      66
      68
      63
      72
      67
      66
      69
      62
      65
      75
      82
      66
      59
      72
      67
      54
      57
      55
      48
      83
      59
      66
      56
      60
      60
      65
      71
      51
      53
      76
      65
      60
      53
      46
      71
      81
      55
      64
      57
      49
      50
      64
      58
      52
      61
      62
      71
      79
      81
      84
      75
      93
      73
      84
      65
      77
      71
      57
      62
      59
      55
      59
      72
      50
      54
      62
      44
      47
      48
      65
      52
      81
      52
      64
      63
      68
      56
      61
      71
      66
      59
      75
      53
      66
      68
      57
      50
      54
      74
      70
      56
      67
      52
      56
      57
      61
      63
      61
      56
      69
      70
      56
      69
      72
      66
      54
      58
      52
      57
      62
      58
      64
      55
      50
      55
      51
      50
      58
      55
      60
      64
      55
      59
      52
      65
      69
      56
      61
      74
      62
      66
      43
      61
      59
      69
      68
      60
      49
      54
      58
      64
      64
      65
      58
      48
      47
      48
      64
      64
      53
      50
      62
      59
      63
      52
      46
      56
      52
      60
      58
      45
      55
      52
      58
      46
      55
      56
      53
      50
      49
      47
      65
      49
      49
      53
      65
      53
      59
      59
      51
      59
      60
      60
      54
      60
      50
      46
      58
      55
      62
      48
      59
      54
      58
      45
      61
      73
      47
      57
      54
      63
      59
      58
      47
      59
      48
      59
      53
      59
      58
      65
      58
      61
      43
      58
      57
      48
      62
      40
      61
      59
      53
      64
      47
      39
      60
      40
      48
      47
      59
      56
      54
      48
      48
      50
      43
      51
      50
      57
      59
      53
      54
      43
      45
      52
      47
      38
      48
      50
      48
      59
      65
      44
      55
      62
      59
      63
      57
      60
      76
      60
      64
      67
      52
      63
      57
      49
      53
      47
      54
      60
      50
      51
      51
      53
      52
      50
      57
      50
      56
      48
      49
      43
      53
      56
      62
      47
      52
      57
      29
      35
      38
      52
      53
      55
      59
      56
      47
      58
      47
      45
      50
      42
      50
      40
      52
      45
      54
      52
      53
      53
      60
      49
      43
      42
      46
      48
      53
      58
      46
      64
      75
      85
      98
      92
      78
      74
      69
      53
      53
      42
      55
      53
      38
      56
      45
      44
      59
      38
      45
      52
      58
      34
      39
      47
      39
      53
      50
      37
      38
      46
      61
      38
      61
      29
      33
      42
      57
      45
      40
      45
      47
      60
      32
      42
      43
      35
      29
      47
      39
      38
      48
      44
      42
      42
      33
      48
      36
      29
      47
      40
      40
      55
      53
      49
      39
      42
      42
      56
      39
      40
      44
      35
      26
      48
      40
      49
      42
      37
      45
      48
      37
      54
      61
      36
      42
      39
      60
      40
      42
      34
      58
      41
      33
      43
      49
      40
      43
      55
      46
      43
      40
      31
      36
      41
      44
      44
      37
      27
      39
      47
      36
      37
      38
      46
      39
      44
      39
      37
      49
      37
      42
      40
      41
      39
      39
      40
      46
      47
      45
      43
      41
      36
      31
      42
      36
      36
      46
      31
      43
      50
      38
      49
      48
      43
      33
      50
      40
      48
      63
      48
      37
      38
      48
      43
      41
      49
      32
      36
      46
      42
      35
      49
      31
      43
      46
      46
      34
      43
      37
      38
      40
      44
      26
      42
      44
      33
      40
      36
      37
      42
      40
      35
      49
      43
      37
      35
      43
      46
      34
      40
      39
      42
      31
      35
      41
      39
      35
      43
      31
      33
      56
      35
      42
      47
      43
      36
      45
      35
      40
      44
      35
      43
      33
      31
      50
      33
      38
      51
      45
      52
      47
      42
      40
      44
      36
      53
      32
      37
      37
      37
      45
      37
      32
      37
      38
      32
      43
      47
      32
      38
      49
      38
      42
      38
      37
      33
      48
      35
      30
      30
      53
      36
      42
      49
      41
      47
      51
      32
      40
      34
      38
      43
      39
      30
      38
      34
      38
      43
      29
      37
      47
      36
      38
      33
      31
      30
      51
      35
      38
      39
      30
      42
      45
      41
      39
      42
      46
      39
      47
      35
      30
      36
      37
      32
      36
      32
      39
      30
      35
      35
      36
      38
      50
      43
      37
      37
      36
      37
      39
      34
      55
      36
      44
      41
      39
      43
      35
      47
      42
      36
      30
      33
      33
      32
      31
      32
      39
      39
      37
      48
      37
      31
      44
      37
      29
      28
      34
      38
      34
      38
      33
      39
      35
      35
      31
      39
      33
      34
      44
      45
      36
      34
      42
      39
      34
      28
      29
      30
      37
      35
      37
      39
      38
      35
      28
      42
      35
      37
      49
      34
      29
      29
      41
      35
      32
      44
      34
      25
      35
      28
      36
      43
      35
      37
      37
      29
      39
      29
      45
      34
      42
      42
      27
      41
      34
      26
      40
      36
      32
      37
      29
      33
      36
      37
      37
      32
      34
      39
      37
      39
      29
      32
      43
      39
      23
      31
      30
      28
      44
      28
      40
      40
      34
      35
      42
      34
      37
      37
      39
      32
      30
      33
      36
      22
      35
      34
      35
      39
      34
      45
      30
      41
      33
      34
      18
      29
      31
      35
      41
      42
      28
      31
      35
      37
      31
      24
      36
      36
      29
      28
      33
      28
      24
      38
      22
      29
      33
      36
      32
      41
      31
      39
      30
      30
      46
      37
      28
      37
      28
      27
      38
      25
      34
      37
      33
      38
      32
      32
      40
      37
      29
      42
      27
      32
      34
      30
      28
      36
      31
      31
      40
      39
      30
      19
      31
      39
      24
      35
      35
      37
      31
      31
      35
      32
      32
      29
      25
      33
      21
      31
      32
      26
      30
      36
      24
      38
      35
      27
      19
      43
      30
      29
      31
      37
      25
      34
      38
      28
      42
      42
      49
      26
      52
      33
      23
      26
      28
      26
      29
      26
      43
      38
      25
      34
      41
      31
      31
      23
      31
      34
      32
      37
      35
      26
      30
      28
      24
      40
      25
      25
      36
      43
      34
      40
      30
      32
      41
      28
      31
      34
      31
      29
      25
      34
      29
      38
      33
      36
      40
      33
      30
      32
      32
      36
      29
      33
      31
      38
      30
      28
      33
      31
      29
      20
      29
      36
      29
      42
      32
      26
      30
      24
      39
      33
      33
      34
      21
      38
      29
      37
      28
      26
      38
      28
      36
      33
      35
      36
      29
      34
      28
      30
      27
      28
      34
      25
      33
      32
      37
      31
      40
      17
      26
      36
      34
      28
      23
      24
      26
      29
      38
      27
      24
      26
      31
      26
      35
      42
      35
      26
      37
      28
      24
      31
      24
      27
      37
      24
      39
      39
      33
      28
      30
      30
      23
      21
      31
      29
      25
      22
      23
      30
      35
      23
      28
      26
      22
      29
      39
      29
      28
      21
      23
      24
      25
      35
      29
      24
      23
      25
      36
      32
      31
      26
      29
      28
      30
      23
      30
      30
      20
      28
      31
      26
      31
      30
      28
      32
      21
      28
      22
      29
      39
      27
      33
      31
      28
      27
      36
      34
      29
      31
      35
      29
      28
      30
      33
      29
      23
      30
      22
      28
      22
      41
      22
      33
      31
      21
      26
      34
      37
      32
      30
      32
      34
      34
      30
      33
      46
      55
      54
      47
      66
      81
      70
      76
      90
      79
     103
     102
      92
      91
      84
     109
      90
      79
      78
      56
      57
      57
      48
      46
      36
      32
      31
      38
      23
      34
      29
      38
      27
      27
      22
      22
      27
      29
      28
      31
      34
      24
      24
      27
      21
      26
      27
      26
      19
      26
      28
      36
      33
      22
      31
      24
      39
      33
      37
      19
      24
      22
      25
      26
      33
      29
      31
      24
      28
      23
      27
      28
      28
      28
      17
      26
      21
      28
      33
      21
      24
      22
      22
      27
      31
      35
      29
      21
      27
      25
      30
      32
      22
      28
      18
      23
      23
      32
      24
      30
      24
      31
      24
      35
      22
      24
      22
      25
      28
      27
      23
      21
      28
      35
      24
      26
      26
      28
      18
      29
      18
      21
      31
      28
      23
      27
      23
      31
      25
      18
      31
      24
      29
      34
      37
      22
      28
      37
      24
      19
      26
      27
      21
      26
      29
      19
      22
      25
      26
      28
      24
      19
      24
      28
      20
      27
      24
      24
      26
      29
      20
      30
      21
      29
      19
      33
      27
      21
      30
      24
      19
      25
      33
      25
      31
      18
      29
      28
      21
      22
      25
      24
      17
      25
      26
      27
      25
      31
      16
      26
      17
      30
      26
      22
      26
      27
      23
      14
      19
      18
      19
      28
      23
      20
      26
      26
      27
      25
      27
      25
      26
      25
      34
      24
      22
      22
      21
      27
      24
      30
      29
      29
      19
      23
      33
      32
      32
      23
      29
      25
      17
      22
      23
      21
      24
      25
      29
      26
      31
      18
      27
      35
      25
      27
      21
      29
      26
      32
      24
      20
      21
      27
      16
      29
      26
      28
      29
      30
      27
      25
      28
      29
      18
      31
      18
      37
      38
      16
      21
      20
      23
      27
      23
      26
      23
      22
      22
      18
      25
      29
      27
      20
      26
      25
      24
      18
      22
      19
      31
      24
      32
      28
      16
      17
      17
      28
      31
      22
      16
      24
      19
      23
      21
      31
      23
      21
      15
      23
      25
      25
      23
      33
      30
      17
      13
      22
      21
      19
      30
      21
      23
      19
      25
      22
      23
      23
      13
      21
      25
      20
      25
      30
      24
      27
      33
      26
      29
      20
      27
      20
      19
      28
      22
      25
      21
      25
      23
      32
      20
      33
      17
      25
      25
      29
      37
      28
      38
      35
      39
      44
      52
      48
      38
      49
      42
      27
      39
      33
      35
      27
      25
      19
      24
      24
      23
      20
      27
      30
      21
      25
      26
      30
      22
      25
      26
      22
      28
      19
      33
      25
      23
      20
      26
      20
      16
      17
      17
      15
      22
      18
      17
      27
      22
      21
      25
      20
      30
      14
      24
      31
      19
      31
      25
      18
      23
      21
      21
      16
      17
      23
      35
      17
      27
      19
      24
      26
      28
      18
      27
      28
      30
      23
      24
      20
      15
      27
      25
      26
      23
      25
      32
      26
      31
      29
      21
      17
      18
      15
      26
      14
      21
      27
      17
      24
      23
      20
      25
      22
      29
      18
      28
      21
      28
      19
      16
      16
      19
      24
      25
      28
      22
      22
      21
      20
      27
      31
      28
      31
      30
      21
      41
      48
      34
      57
      64
      59
      40
      59
      63
      52
      45
      53
      30
      28
      25
      22
      21
      17
      26
      22
      20
      16
      21
      23
      29
      17
      18
      21
      20
      24
      21
      29
      26
      28
      23
      12
      23
      24
      20
      15
      27
      18
      16
      19
      18
      21
      25
      22
      28
      29
      18
      26
      20
      20
      20
      24
       7
      20
      23
      23
      19
      23
      19
      25
      10
      24
      19
      22
      23
      25
      32
      18
      27
      23
      26
      15
      16
      19
      15
      26
      23
      17
      19
      25
      21
      15
      21
      21
      24
      23
      20
      24
      27
      16
      11
      27
      16
      20
      23
      24
      21
      18
      20
      19
      24
      24
      25
      23
      18
      31
      22
      26
       9
      25
      23
      29
      22
      30
      26
      24
      22
      21
      28
      15
      18
      14
      23
      27
      22
      24
      25
      15
      16
      21
      21
      20
      20
      23
      16
      15
      21
      21
      24
      23
      25
      18
      12
      22
      18
      23
      25
      20
      19
      14
      15
      21
      24
      31
      18
      24
      25
      25
      20
      17
      16
      29
      19
      17
      22
      17
      18
      25
      21
      23
      17
      23
      20
      21
      19
      25
      30
      24
      30
      17
      14
      20
      21
      21
      20
      27
      17
      14
      26
      17
      23
      20
      25
      22
      26
      23
      15
      19
      22
      21
      22
      25
      17
      28
      27
      16
      20
      14
      12
      10
      19
      19
      20
      22
      29
      21
      24
      16
      13
      22
      24
      19
      25
      29
      21
      16
      24
      22
      22
      24
      25
      16
      18
      14
      19
      17
      13
      17
      17
      19
      18
      19
      22
      22
      22
      26
      29
      20
      24
      24
      34
      28
      35
      29
      39
      32
      46
      37
      31
      25
      34
      29
      21
      19
      22
      27
      22
      13
      21
      16
      21
      27
      21
      25
      25
      16
      17
      21
      21
      19
      22
      14
      26
      29
      17
      22
      23
      15
      15
      28
      24
      22
      19
      33
      17
      17
      22
      21
      24
      23
      23
      17
      18
      17
      17
      30
      23
      17
      14
      13
      24
      20
      25
      27
      21
      20
      22
      15
      31
      16
      22
      18
      16
      19
      21
      22
      15
      16
      23
      19
      21
      14
      20
      13
      22
       9
      21
      21
      23
      20
      19
      24
      20
      23
      28
      19
      17
      22
      13
      19
      18
      20
      22
      28
      24
      19
      16
      15
      16
      23
      17
      15
      13
      17
      16
      22
      17
      30
      16
      19
      17
      21
      14
      23
      28
      16
      16
      19
      16
      26
      22
      17
      16
      20
      16
      17
      21
      18
      20
      14
      19
      20
      16
      25
      23
      22
      23
      23
      17
      21
      15
      19
      19
      21
      22
      17
      21
      15
      16
      16
      20
      14
      24
      26
      15
      18
      14
      14
      20
      17
      31
      20
      17
      15
      12
      14
      18
      25
      15
      25
      25
      27
      19
      25
      22
      16
      23
      17
      25
      22
      16
      27
      20
      21
      18
      18
      29
      18
      29
      26
       9
      22
      20
      28
      24
      14
      16
      21
      27
      19
      11
      19
      19
      15
      16
      18
      24
      15
      21
      14
      24
      17
      19
      24
      18
      24
      18
      16
      17
      18
      32
      27
      11
      18
      14
      26
      15
      19
      12
      16
      20
      13
      19
      24
      13
      21
      25
      19
      16
      26
      23
      19
      21
      23
      22
      21
      14
      14
      18
      17
      14
      18
      20
      20
      19
      12
      18
      18
      21
      21
      16
      22
      22
      19
      19
      12
      22
      16
      23
      21
      20
      15
      18
      19
      26
      28
      11
      23
      16
      15
      24
      15
      13
      12
      17
      19
      21
      19
      12
      17
      16
      18
      14
      18
      11
      26
      23
       9
      16
      22
      23
      24
      16
      28
      21
      19
      19
      17
      15
      23
      19
      24
      17
      15
      17
      26
      24
      23
      16
      20
      18
      20
      14
      22
      20
      22
      15
       9
      20
      18
      22
      17
      14
      23
      24
      16
      20
      26
      12
      23
      15
      19
      17
      14
      19
      19
      23
      25
      19
      14
      17
      18
      17
      13
      13
      16
      21
      21
      28
      16
      22
      28
      16
      14
      12
      18
      28
      17
      18
      11
      19
      21
      23
      16
      18
      17
      19
      24
      20
       9
      20
      22
      12
      16
      22
      14
      17
      22
      25
      18
      23
      21
      13
      26
      14
      17
      18
      18
      17
      14
      24
      23
      22
      17
      18
      16
      13
      18
      19
      15
      16
      24
      14
      12
      21
      25
      17
      13
      16
      10
      18
      12
      17
      12
      18
      17
      16
      18
      22
      18
      19
      17
      17
      13
      25
      15
      22
      18
      22
      20
      14
      21
      11
      16
      19
      13
      19
      22
      22
      21
      20
      18
      17
      24
      20
      14
      27
      15
       8
      17
      15
      10
       9
      20
      18
      19
      14
      23
      20
      14
      18
      21
      20
      18
      19
      23
      23
      16
      15
      27
      18
      26
      14
       8
      16
      18
      15
      22
      17
      20
      20
      25
      22
      18
      25
      23
      20
      19
      20
      18
      30
      20
      16
      12
      35
      21
      21
      10
      23
      21
      18
      18
      24
      15
      17
      26
      18
      21
      16
      21
      26
      14
      13
      20
      22
      18
      18
      19
      17
      22
      25
      19
      17
      13
      11
      17
      21
      16
      16
      11
      13
      17
      19
      26
      23
      23
      18
      22
      22
      17
      12
      17
      16
      19
      19
      21
      14
      17
      16
      18
      16
      19
      17
      15
      17
      14
      11
      18
      13
      25
      22
      10
      16
      19
      19
      22
      18
      18
      15
       7
      15
      14
      20
      14
      18
      19
      14
      23
      21
      15
      13
      12
      17
      19
      19
      14
      27
      18
      21
      15
      15
      15
      29
      15
      19
      17
      12
      14
      21
      16
      15
      15
      18
      18
       9
      16
      19
      24
      21
      15
      12
      13
      23
      18
      19
      18
      12
      11
      13
      11
      17
      17
      16
      19
      13
      28
      16
      11
      20
      20
      19
      12
      17
      15
      13
       7
      15
       9
      14
      12
      13
      20
      20
      15
      17
      12
      19
      22
       9
      15
      17
      13
       9
      11
      17
      10
      17
      10
      16
      20
      19
      10
      16
      18
      13
      17
      24
      16
      21
      20
      24
      16
      12
      17
      13
      16
      14
      13
      11
      24
      12
      16
      16
      24
      13
      14
      13
      17
      16
      16
      15
      12
      15
      12
      18
      13
      24
       9
      18
       6
      16
       7
      17
      12
      18
      12
      16
      13
      12
      21
      21
      20
      22
      11
      13
      18
      15
      24
      20
      13
      12
      11
      26
      13
      14
      18
      10
      14
      19
      12
      16
      12
      11
      20
      13
      25
      18
      12
      16
       8
      14
      15
      15
      16
      18
      13
       8
      19
      12
      16
      13
      17
      16
      11
      24
      14
      13
      15
      17
      16
      18
      24
      14
      19
      19
      17
      11
      15
      18
      10
      16
      24
      21
      14
      19
      16
      13
      14
      19
      15
      12
      12
      13
      18
      11
      17
      12
      12
      23
      16
      15
      18
      18
      14
      18
      13
      14
      16
      17
      10
      16
      11
      16
      18
      16
      21
      17
      13
      15
      18
      15
      14
      19
       9
      11
      11
      11
      15
      14
      16
      13
      13
      18
      14
      24
      13
      13
      22
      17
      17
      15
      17
      18
      15
      13
      14
      20
      29
      16
      17
      10
      18
      20
      16
      20
      18
      15
      14
      19
      13
      11
      16
      16
      12
      20
      12
      10
      13
      18
      13
      15
      25
      13
       9
      14
      18
      15
      10
      19
      15
      17
      19
      14
      18
      10
      22
      11
       9
      10
      14
      15
      18
      13
      18
      10
      11
      16
      13
      18
      18
      16
      15
      18
       9
      15
      18
      16
      16
      18
       8
      13
      14
      13
      15
      11
      17
      19
      20
      16
      16
      13
       7
      11
      15
      13
      16
      13
      14
      19
       9
      26
      20
      15
      12
      14
      11
      21
      10
      15
      20
      17
      11
      16
      15
      20
      15
      19
      12
      21
      13
      21
      14
      17
      21
      18
      22
      21
      18
      13
      15
      16
      22
      16
      17
      17
      14
      13
      25
      15
      11
      21
      15
      16
      14
      17
      10
      16
      13
      19
      12
      23
      13
      15
      16
      18
      17
      14
      18
      12
      17
      19
      10
      17
      16
      14
      17
      14
      14
      16
      12
      22
      14
      13
      16
       9
      18
      11
      18
      13
      21
      21
      14
       8
      22
      20
      12
      19
      19
      10
      10
      18
      14
      26
      25
      17
      18
      16
      14
      10
      10
      18
      10
      12
      15
      13
      10
      17
      12
      21
      14
      15
      11
      15
      19
      14
      11
      17
      10
      16
      15
      16
       9
      21
      12
      17
      12
      10
      12
      17
       5
      11
      19
      11
      11
       8
      12
      14
      15
      10
      13
      13
      19
      11
      15
      15
      14
       8
      11
      14
      17
      17
      14
       9
      15
      14
      13
      10
      14
      14
      10
      18
      13
      14
      11
      11
      16
      11
      13
      18
      11
      13
       9
      11
      13
      11
      10
      16
      11
      12
      19
      16
      10
      13
      21
      11
      10
      15
      11
       8
      18
      19
      15
      20
      11
      19
      21
      11
      13
      12
      10
      15
       9
      15
      12
      16
      19
      10
       9
      17
      18
      18
      13
      13
      10
      14
      13
      15
      15
      13
      10
      19
      17
      24
      15
      11
      12
      15
      13
      13
      17
      17
       9
      11
      11
      19
      13
      18
      15
      16
       8
      17
       8
       8
      10
      14
      12
      12
      13
      22
      14
       7
      10
      13
      13
       5
      15
      15
      18
      17
      13
      14
      20
      21
      32
      19
      28
      27
      23
      31
      27
      29
      40
      28
      24
      12
      22
      23
      18
      21
      23
      25
      15
      18
      17
      12
      11
      16
      17
      20
      14
      19
      14
      17
      12
      23
      10
       8
      14
      12
      13
      14
      15
      10
       9
      16
      15
      10
      13
      13
      10
      18
      18
      13
      19
      12
      11
       9
      13
      15
      16
       5
      14
      14
      16
       8
      16
      12
      15
      14
      11
      15
       6
       7
       9
       5
      12
      13
      14
      12
      12
       4
      12
      16
      15
      16
      11
      12
      14
      12
       7
      13
      13
       7
      15
       9
      21
       9
      12
      14
      14
      16
      13
      11
      14
      19
      16
      18
      18
      11
      16
      14
      10
      10
      13
      19
      15
      18
      13
      17
      21
      20
      13
      16
      12
      19
      16
      19
       9
      12
      15
      14
      17
       8
      14
      18
      15
      18
      10
       8
      13
      15
      11
      12
      12
      13
      11
      10
      18
      17
      15
      15
       8
      14
      18
      18
      17
      20
      12
      14
      13
      16
      13
       9
      10
      17
       9
      12
       6
      12
      13
      14
      13
      12
      13
       9
      15
      13
      10
      14
      13
       9
      13
      11
      13
      14
      15
      13
      16
      13
       9
      12
       5
       7
      18
      16
      12
      21
      10
      16
      10
      10
      10
      13
      20
      20
      16
       4
      16
      12
       7
      13
      15
      12
      14
      12
      11
      18
      10
      13
       7
       8
      17
      16
      12
      14
       8
       9
       9
      13
       8
      10
      10
      14
      16
       9
      16
      13
      16
      19
      17
       7
      20
      17
      11
      19
       9
      11
      13
      20
      18
      11
       8
       9
      12
      15
      12
      18
      14
      13
      13
      15
      10
      14
       9
      18
      25
      17
      17
      14
      21
      15
      18
      15
      10
      13
      16
       8
      14
      14
      17
      16
      14
      22
      21
      21
      17
      16
      26
      19
      17
      19
      17
      15
      14
      22
      17
      17
      12
      15
      10
      15
       9
      11
      10
      13
      13
      18
      15
       9
       9
      12
      13
       9
      14
      11
      17
      15
      13
      14
      12
      14
      13
      15
      13
      11
      10
      14
      11
      17
      17
      13
      11
      18
       7
      11
      14
      13
      12
       9
      12
       7
      13
      14
      14
      15
      13
       6
      18
      21
      14
       8
      11
       7
      13
      15
      15
      14
      15
      15
      15
      19
       6
      18
      10
      11
      14
      13
       8
      12
      15
      12
      15
       6
      11
      11
      12
      18
      12
       7
      16
      13
       9
      14
      12
       7
      15
      12
       6
      13
      12
      20
      13
      13
      14
      20
      16
       9
      18
      16
      14
      10
      12
      15
      15
       9
       8
      11
      14
      13
       5
       8
      15
      12
      15
      16
      16
      15
      13
       9
      12
      11
      12
      15
       8
       7
       9
      13
      18
      12
      16
      11
       6
      13
      18
      13
      12
      21
      10
      16
      14
      15
      20
      12
      17
      12
      16
      21
       9
      13
      26
       8
      15
      11
      12
       7
       8
       8
      12
      11
      16
      14
      19
      10
      17
      14
       7
      14
      10
       7
       9
      10
      11
      10
      10
      14
      13
      17
       8
      14
      10
       5
      14
      10
       9
      14
      17
       9
       7
      12
       9
       8
       9
       7
      15
      16
       9
      11
       9
      12
      12
       8
       9
      16
      14
      20
      10
       5
      12
       9
       8
       8
      17
      12
      18
      15
       9
      10
       8
      18
       8
       7
       9
      15
      11
      17
      14
      14
      15
      14
      15
      14
       9
      12
      12
      10
      11
      19
       9
      11
       8
      11
      14
       2
      10
      13
      11
      10
      10
      10
      14
      16
      11
      11
       8
      15
      12
       6
       9
      12
      12
       8
       9
      16
      11
       7
      13
      13
      13
       8
       6
      11
       8
      13
      11
       8
      17
      11
      13
       7
      12
       9
       9
      12
      14
      12
      11
      16
      13
      15
      15
      11
      13
      13
      20
      13
       9
       8
       6
      20
      13
      13
      14
      17
      16
      15
      18
       9
      18
      17
      13
      12
      10
      14
      17
      20
      11
       4
      16
      15
      11
       6
      14
       8
       8
      11
      12
      11
      16
      10
       9
      11
      10
      12
      12
      10
      12
      12
       9
      19
      16
       7
      10
      12
       9
      12
       8
      11
      14
      15
      17
       9
      12
      13
      10
      14
      12
      14
       9
      10
       8
      10
      10
       8
      22
      11
       9
      12
       8
      10
      12
       9
       7
      10
      12
       9
      10
       9
      11
      12
       9
       6
       7
       7
      11
      23
      15
      13
      10
      12
       7
      13
       9
      17
       9
       8
      11
      12
      14
      10
      13
       8
      11
      10
       8
       8
       9
      14
      14
      10
       8
       9
      14
       8
       9
      13
      15
      20
      12
      16
      10
      10
       8
      12
       9
      12
      10
      11
      15
      14
      18
      12
      10
      14
      17
       8
      14
      13
      10
      12
       9
      12
       9
      10
      16
      14
      10
      18
       6
       5
      13
       8
       9
      13
      11
       7
      10
      13
      16
      10
       9
       6
      12
      15
      11
      13
       8
       9
      16
      12
       8
      18
      15
      13
      13
      10
      11
      20
      14
      10
       7
      12
       9
      15
      14
       5
       7
       9
      17
      11
      11
      14
       4
      14
       5
      13
       7
      13
       2
      23
      12
       7
       9
      13
       6
       8
      16
      12
       8
      13
      14
      12
      10
      11
      14
       7
      22
      14
      13
      11
       9
       8
      12
      13
       8
      11
      15
       9
      15
      15
       9
      18
      16
      14
       9
      15
       6
      11
       5
       8
      10
       8
       8
       6
      13
      11
      13
       8
      11
       6
      20
       8
      13
      10
       6
      10
      10
       8
       9
       8
      10
      11
       5
      10
       5
      13
      16
       6
      10
      10
       9
       9
      10
       8
       9
       7
       9
      12
      11
       7
       8
      13
      14
      15
      16
      12
      10
      15
      17
      12
       9
      14
      12
      16
      19
      16
       6
      10
      12
      15
      14
      13
       7
      16
       7
      14
      11
       5
      15
       9
       9
      10
      13
      14
      15
      14
      15
       8
      11
       6
      14
      14
       5
      10
       7
      12
      12
      12
       8
      11
      13
      13
      13
       6
      11
       7
      12
       9
      15
       9
      11
      10
      17
      15
      12
       7
       9
      10
      11
      14
      10
      14
      10
       7
      11
       9
       8
       8
       7
       6
       7
      14
       8
      13
       6
      19
      12
      17
       7
       8
       9
      13
      14
       8
      16
      11
       5
      21
      10
      12
      16
      13
      15
      17
       9
      23
      12
      16
      16
      15
      13
       9
       9
       8
       8
      14
      14
      14
      12
       9
       9
      19
      13
      21
      10
      15
      15
      25
      18
      10
      22
      24
      18
      27
      23
      22
      28
      41
      25
      29
      25
      17
      24
      20
      23
      14
      14
      21
       5
      16
      11
      15
      11
      10
       9
       3
       8
      13
       8
       9
       7
      14
      17
      13
      18
      15
      14
      14
      17
      12
       8
      14
      12
       9
       8
       9
       7
       8
       9
       9
      12
       8
       9
       9
      12
       8
      11
       7
      14
      14
       9
      21
      10
       9
      11
       8
      12
      10
      13
      21
       9
      16
      10
      15
      12
      15
      12
       8
       6
       8
      21
      14
       9
      16
      12
      14
      11
       7
      13
      12
      11
      10
       9
       9
      11
       7
       8
      13
      13
      12
       9
      11
       6
      10
       7
       9
      15
      17
       7
      10
      14
      13
      10
      11
      10
      16
      18
      13
       9
      12
      11
      15
      10
       9
      17
      14
       7
      11
      12
      15
      13
       8
      14
       6
      11
      16
       3
      11
       8
       7
      11
       6
      15
      14
      12
      13
       7
       9
       7
      15
      12
      11
      12
      16
      16
      10
      10
      10
      19
      13
       7
       9
      13
       8
      12
       7
      17
      14
       8
      10
      12
       8
      19
      11
      18
      18
      15
      16
      11
      16
      11
      12
       9
       8
       7
       7
      14
       3
       7
       8
       9
      10
       8
      14
      13
       6
      10
       7
       8
      13
      13
       9
      10
      17
      12
       5
      10
       9
       9
      13
       8
       3
      10
      12
      11
       7
      11
       8
      14
      11
      18
      13
      11
       7
       6
      15
      17
      12
      12
      12
       9
      17
      10
       5
       9
       9
      14
      15
      11
      10
      12
      12
      10
      10
      10
      13
      10
      13
       9
       6
       7
       9
      10
      19
      14
       6
      10
      13
      15
      11
      10
      10
      10
      13
      13
       8
       7
      12
       9
      12
      11
      10
       6
      10
      10
      17
       8
      14
       7
       5
      10
       8
       8
      10
       7
      10
       6
       6
      11
      16
      12
      10
      13
      15
      18
      17
       8
      11
       6
      12
      13
       9
       8
      16
      16
      10
      11
      10
      12
      12
      13
       6
      12
       8
       8
      13
      14
       9
      14
       6
      10
      12
       7
       6
      10
      15
       9
      13
       4
      11
      14
       6
      12
      12
       7
      10
       7
      10
      12
       9
       4
      10
       6
      14
      17
       8
      14
       7
      13
      11
      19
      10
      11
      10
       8
      14
      17
      11
      11
      10
      12
      16
       9
      12
       9
       9
      10
      11
       9
      13
       8
      12
       6
      12
       7
      16
      12
       7
      12
      10
      17
       9
      10
      12
       6
       8
      11
      12
      10
       9
      10
      13
      14
       7
       8
      11
      16
      12
      15
       9
      11
      18
       9
      13
      15
       5
      16
      10
      11
      15
      11
      14
       7
       7
      15
      11
      14
      15
      11
      13
       9
      16
       8
      10
      13
       7
      10
      14
       9
       5
       6
      11
      11
      14
      18
      11
       9
       7
      16
       9
      10
      12
      13
       6
       9
       6
      12
      24
      14
       9
       5
       6
       9
      14
      14
      14
       6
       9
      11
      12
       7
      12
      12
      12
      11
       9
       5
      10
       9
       8
       7
       5
      14
       7
       9
      11
      13
      10
      11
      14
      10
      17
      11
      10
      11
       7
      11
       7
      10
      13
       8
       8
      18
      17
      10
       6
       8
      13
       9
       3
       9
      13
      12
      15
       6
      13
       7
      10
      13
      10
      10
       9
      12
       7
       8
      12
      11
      12
      14
       6
      10
       9
      12
      12
      10
      10
       6
      14
      11
       8
      11
       9
       9
      10
      12
      15
      15
      11
      10
       9
      14
      11
       8
      13
       8
      15
      10
      12
      10
      11
      11
       8
      10
       4
      19
      10
       9
      13
      10
       5
       7
      11
       6
       8
       4
      15
      13
      12
       6
       9
      15
      10
      11
      13
      12
      17
      14
      20
      24
      18
      16
      16
      15
      13
      19
      15
       7
       9
      13
       5
       8
      11
      10
      10
      11
       8
       9
       9
       9
       5
       7
       7
      13
       8
      17
       9
       8
      16
      11
      10
       7
      13
       9
      11
      10
       8
      11
      12
       9
      13
      13
       9
      13
       5
       8
       4
      11
       5
      11
      11
      11
       7
       9
       5
       7
      16
       7
       4
      10
       8
       8
       7
       6
      12
       5
       5
      11
       8
      12
      14
       7
       9
       9
      11
       8
       7
       9
      10
      10
       8
      15
      10
      11
       7
      12
       5
       4
      13
       7
       7
      13
       4
      11
      11
       5
      17
       5
      11
       7
      11
       9
      10
       9
       8
      12
       9
       2
       7
       8
      10
       2
       9
      11
       9
       5
       7
       8
       5
       9
       8
       9
      11
      13
       8
      11
       4
       7
      14
      13
      13
      13
       4
      13
      14
       7
       7
      14
       9
      10
       5
       8
       9
      17
      12
       6
      14
       4
       9
       8
      14
       6
       9
      10
       6
       9
      10
       6
       9
       9
      13
       7
      10
       9
       7
       5
       9
       5
       2
      13
       8
      12
      11
       7
       6
      10
       8
      10
      11
      11
       6
      10
      12
       9
       5
       8
      15
       9
       8
       3
       9
      10
       7
      11
      12
      10
      13
       9
       8
      14
      12
       9
       6
      11
      13
       3
      11
       8
       9
      13
       8
       7
       8
      10
       6
       7
       7
       7
       7
       6
      10
      10
       5
       5
       8
      11
      12
      10
       8
       7
       9
       8
       7
      10
       3
       5
       9
       5
       5
       6
      14
      10
       7
       7
       7
       7
       3
      14
       8
       5
       6
       4
      11
       9
       7
       6
       6
       5
       7
       8
       5
      10
       9
       4
       8
       5
       5
      14
      18
       8
      12
      14
       5
      12
      10
      11
      12
       8
       9
       6
      12
       4
       6
       6
      10
       7
       6
       5
       9
       5
       8
       2
       2
       9
       4
      10
       4
       9
       4
       5
       6
      10
       7
       6
       9
       7
       7
      15
       5
       8
       8
       7
      11
       6
       5
       7
       4
       7
       7
       5
       4
       8
      12
       5
       6
       6
       5
       8
       6
       4
       3
       2
       6
       8
       7
       5
       9
       5
       7
       9
       5
       4
       9
       5
       7
       7
       6
       5
       9
      10
       3
       5
       5
       6
       9
       4
       5
       1
       4
       4
       6
       9
       5
       5
       5
       5
       3
       9
      13
       3
       7
      13
       6
      10
       7
       7
      10
       6
       4
      12
       3
       6
       5
       5
       8
       6
       7
       4
       8
       8
       3
      11
       9
       4
       2
       2
      10
       7
       5
       8
       8
       9
       9
       2
      15
       6
       7
       7
       4
       5
       8
       4
       4
       6
       6
       9
       8
       5
       7
       8
       5
       6
       8
       2
       8
       7
       7
       4
       8
       8
      11
       5
       6
       4
       7
       9
       5
       4
       9
       4
       9
      12
      13
       6
       6
       7
      11
       3
       7
       6
       6
       4
       5
       8
       8
       5
       8
       9
       8
       8
       8
       4
      11
       5
       5
       8
       8
       3
       6
       9
       7
       4
       4
       6
       8
      11
       5
      11
       9
       9
       4
       7
       3
      13
       8
       9
       2
      10
      10
       9
       3
       4
       6
       7
       7
       5
       9
      11
       7
       6
       5
       7
       9
       7
      11
       5
      10
      12
       7
       6
      10
       4
       5
      11
       2
      11
       6
       7
       8
       5
       8
       5
       4
       3
       2
       7
       4
      11
       3
       8
       7
       4
       5
       8
       5
       5
       4
       6
       8
       6
       7
       4
       3
       5
       9
       7
       6
       6
       7
       5
      11
       5
       6
       1
       5
       8
       8
       8
       3
       4
       1
       6
       6
      11
       3
       7
       4
       4
      13
       5
       7
       4
       5
       2
       7
       8
       6
       6
       6
       2
       8
       9
       3
       8
       7
       5
       5
       2
       6
       2
       6
       5
      11
       9
       5
       5
       7
       5
       5
       6
       8
       6
       6
      11
       8
       5
       6
       8
       9
      10
       3
       6
       7
      10
       3
       4
       0
       6
       4
       6
       4
       4
       7
       5
       5
       9
       6
       8
       9
       5
       4
      10
       3
       0
       8
       5
       7
       4
       7
      12
       4
       5
       2
       5
       7
       3
       3
       7
       7
       9
       9
       3
       9
       5
       9
       5
       5
       9
       7
      10
       5
       7
       8
      10
      10
       7
       9
       8
       7
      13
       4
       8
       9
      14
       7
      12
      10
      10
      10
       6
       7
       3
       5
      11
       6
       5
       6
       3
       4
       3
       3
       5
       7
       3
       4
       4
       7
       6
       6
       7
       7
       6
      10
       7
       8
       9
       7
      10
       5
       8
       9
       6
       4
      10
       5
       3
       2
       5
       3
       4
       5
       8
       2
       1
       6
       5
       0
       5
       2
       7
       6
       5
       6
       7
       4
       3
       3
       5
       6
       6
       7
       6
       3
       8
       4
       4
       3
       6
       5
      10
       3
       3
       4
       5
       9
       5
       6
       5
       2
       5
       5
       5
       3
       3
       6
       5
       2
       5
       5
       4
       4
      10
       5
       5
       5
       7
       8
       2
       9
       6
       8
       8
       9
       7
       7
       7
       9
      10
      14
       8
       6
       8
       7
       5
       3
       3
       2
       7
       5
      11
       4
       9
       3
       9
       4
       5
       1
       5
       7
       4
      12
      11
       6
       9
       8
      12
       6
       9
       8
       7
       8
       7
       7
       4
       9
       4
       5
       4
       6
       1
       5
       6
       7
       3
       8
       1
       2
       4
       2
       6
       7
       6
       6
       3
       6
       8
       5
       3
       6
       8
       6
       2
       3
       5
       5
       4
       3
       3
       2
       1
       4
       2
       6
       2
       5
       6
       4
       6
       3
       6
       3
       3
       4
       6
       7
       3
       6
       5
       7
       5
       4
       5
       6
       6
       7
       6
       8
       4
       2
       3
       8
       6
       4
       5
       9
       9
       8
       6
       5
       7
       6
       6
       5
       8
       3
       8
       3
       5
       5
       4
       6
       7
       8
       8
       6
       2
       5
       5
       7
       3
       6
       4
       7
       5
       4
       6
       4
       7
       4
       4
       4
       4
       2
       5
       7
       7
       6
       3
       4
       3
       7
       9
       1
       6
       5
       9
       2
       4
       7
       4
       7
       5
       7
       3
      11
       3
       5
       5
       7
       5
       3
       4
       0
       3
       3
       8
       3
       7
       4
       7
       4
       6
       8
       1
       5
      10
       5
       6
       5
       5
       3
       5
       6
       3
       4
       8
       5
       8
       2
       2
       7
       6
       5
       2
       3
       6
       3
       4
       1
       4
       7
       2
       8
       7
       9
       4
       5
       6
       4
       6
       3
       8
       6
       3
       2
       3
       2
       5
       4
       6
       5
       6
       2
       8
       4
       6
       3
       5
       6
       3
       8
       4
       5
       6
       4
       9
       8
       9
       4
       9
      11
      10
       5
       3
       7
       7
      11
       7
       8
       7
       8
       9
      14
      15
      17
      28
      16
      28
      31
      30
      40
      42
      62
      50
      62
      67
      67
      62
      68
      76
      77
      87
      96
      87
      76
      64
      64
      80
      60
      37
      36
      35
      24
      19
      20
       8
       6
       9
       8
       4
       2
       4
       2
       6
       3
       2
       9
       7
       2
       2
       2
       3
       1
       5
       3
       3
       6
       6
       3
       7
       8
       5
       8
       3
       2
       3
       6
       1
       4
       5
       5
       1
       2
       7
      10
       5
       4
       6
       4
       6
       5
       4
       8
      10
       3
       3
       3
       3
       2
       1
       6
       3
       3
       4
       4
       2
       1
       5
       5
       5
       4
       3
       9
       4
       6
       3
       6
       1
       5
       4
       4
       2
       4
       0
       5
       6
       6
       5
       6
       4
       6
       6
       6
       5
       1
       2
       4
       1
       2
       2
       2
       2
       2
       6
       1
       6
       1
       2
       4
       2
       4
       6
       3
       4
       1
      11
       3
       1
       3
       4
       4
       6
       6
       4
       4
       7
       5
       5
       5
       4
       7
       3
       4
       6
       2
       3
       5
       6
       2
       4
       3
       0
       4
       4
       5
       2
       3
       6
       5
       3
       6
       5
       1
       5
       2
       1
       5
       4
       4
       4
      10
       5
       8
       3
       5
       6
       4
       1
       2
       5
       7
       2
       5
       3
       6
       5
       3
       2
       9
       6
       6
       4
       2
       4
       1
       4
       4
       8
       6
       3
       4
       2
       4
       6
       8
       3
       5
       1
       2
       4
       7
       5
       5
       2
       7
       4
       2
       4
       5
       4
       6
       6
       7
       2
       5
       8
       6
       5
       7
       3
       3
       7
       4
       8
       3
      12
       8
       6
       9
       8
       8
       8
       7
      11
       7
       3
       3
       3
       5
       6
       6
       2
       6
       4
       5
       3
       4
       4
       5
       4
       3
       4
       4
       2
       1
       6
       6
       6
       5
       3
       7
       7
       4
       4
       2
       2
       1
       8
       3
       5
       7
       3
       3
       8
       3
       5
       2
       4
       7
       2
       3
       2
       3
       3
       4
       4
       3
       7
       6
       6
       5
       6
       2
       2
       8
       6
       5
       3
       4
       5
       2
       3
       4
       4
       4
       2
       1
       5
       5
       2
       4
       5
       3
       8
       5
       1
       0
       6
       3
       6
       4
       2
       2
       3
       4
       4
       3
       5
       2
       5
       4
       5
       6
       6
       4
       6
       1
       3
       3
       4
       3
       5
       6
       2
       4
       4
       1
       5
       4
       4
       5
       3
       3
       5
       7
       3
       1
       6
       4
       3
       0
       5
       7
       4
       8
       4
       2
       4
       3
       2
       3
       8
       1
       2
       6
       3
       4
       4
       0
       2
       2
       1
       3
       3
       1
       2
       3
       4
       5
       6
       5
       3
       5
       3
       6
       1
       4
       1
       2
       5
       8
       4
       3
       3
       3
       0
       5
       2
       4
       4
       3
       4
       1
       3
       3
       4
       5
      10
       6
       4
       3
       2
       4
       2
       1
       3
       1
       9
       4
       6
       1
       0
       1
       2
       1
       3
       5
       2
       6
       4
       3
       4
       2
       8
       1
       4
       4
       2
       0
       2
       4
       3
       2
       5
       4
       8
       5
       1
       2
       6
       2
       3
       3
      10
       2
       5
       3
       1
       2
       3
       3
       1
       2
       0
       3
       4
       4
       1
       5
       6
       1
       3
       4
       8
       5
       2
       4
       0
       2
       0
       2
       1
       1
       1
       5
       1
       2
       3
       4
       2
       0
       5
       2
       1
       4
       4
       4
       2
       3
       1
       5
       1
       3
       9
       3
       2
       2
       1
       8
       1
       3
       5
       0
       4
       4
       2
       4
       5
       2
       5
       4
       0
       1
       1
       2
       4
       2
       2
       4
       3
       6
       6
       1
       3
       2
       5
       3
       5
       3
       3
       2
       5
       8
       2
       3
       5
       1
       9
       3
       4
       2
       2
       2
       1
       1
       4
       2
       6
       5
       2
       7
       0
       8
       8
       3
       1
       5
       7
       5
       6
       6
       4
       5
       8
       3
       6
       7
       6
       2
       6
       5
       6
       5
       3
       4
       1
       3
       8
       4
       3
       2
       3
       3
       6
       4
       4
       2
       9
       4
       8
       4
       6
       9
       5
       4
       6
       7
       6
       8
       9
      10
      10
       5
       3
       7
      10
       7
       5
       4
       3
       6
       3
       8
       7
       5
       6
       6
      11
       9
       4
       5
       4
       2
       6
       3
       2
       1
       5
       0
       1
       4
       3
       5
       3
       4
       4
       2
       3
       0
       6
       2
       5
       4
       2
       4
       4
       3
       4
       2
       1
       2
       4
       1
       6
       3
       5
       3
       7
       7
       3
       8
       1
       2
       6
       2
       5
       4
       4
       2
       2
       3
       4
       2
       6
       6
       2
       5
       1
       7
       1
       2
       4
       3
       5
       1
       3
       1
       1
       6
       2
       5
       3
       6
       3
       5
       0
       1
       1
       3
       4
       3
       2
       1
       1
       5
       4
       2
       5
       2
       3
       4
       4
       5
       2
       3
       2
       1
       4
       2
       7
       2
       5
       7
       3
       3
       4
       4
       2
       6
       2
       1
       5
       0
       2
       3
       2
       1
       2
       3
       4
       5
       2
       2
       2
       5
       5
       6
       1
       6
       2
       2
       3
       3
       3
       3
       3
       3
       4
       1
       2
       6
       5
       8
       1
       5
       5
       2
       0
       1
       4
       5
       1
       3
       3
       2
       2
       2
       3
       2
       4
       3
       5
       2
       5
       5
       2
       1
       7
       5
       2
       2
       1
       2
       1
       1
       4
       5
       3
       3
       3
       5
       4
       2
       1
       6
       3
       5
       4
       1
       4
       1
       5
       4
       0
       3
       4
       6
       4
       2
       2
       1
       0
       0
       5
       2
       3
       2
       2
       3
       3
       4
       3
       2
       1
       5
       4
       1
       2
       4
       4
       6
       4
       2
       4
       1
       2
       1
       3
       2
       2
       6
       2
       2
       2
       2
       3
       1
       1
       2
       1
       3
       2
       3
       5
       3
       5
       4
       3
       2
       1
       1
       2
       5
       1
       3
       1
       3
       3
       6
       2
       4
       1
       1
       0
       2
       3
       7
       3
       5
       2
       3
       0
       3
       2
       3
       1
       2
       5
       4
       3
       2
       3
       2
       3
       1
       3
       1
       2
       5
       4
       3
       2
       1
       1
       1
       1
       2
       3
       2
       3
       2
       2
       5
       3
       1
       1
      23
      47
      57
      39
      38
      50
      52
      38
      46
      52
      50
      32
      49
      48
      52
      50
      43
      44
      48
      47
      47
      61
      57
      53
      46
      60
      59
      52
      50
      45
      35
      52
      42
      48
      39
      44
      54
      46
      38
      46
      47
      48
      48
      56
      50
      42
      41
      44
      34
      46
      46
      42
      57
      58
      49
      40
      45
      39
      42
      33
      46
      45
      47
      40
      42
      40
      51
      68
      50
      54
      41
      51
      51
      48
      44
      54
      40
      40
      51
      43
      52
      53
      45
      51
      43
      53
      43
      61
      45
      52
      54
      33
      45
      44
      50
      57
      53
      36
      52
      39
      46
      36
      49
      53
      43
      48
      34
      55
      45
      47
      52
      50
      42
      41
      46
      46
      36
      35
      29
      43
      50
      56
      34
      43
      61
      51
      40
      51
      48
      47
      41
      32
      40
      46
      47
      46
      37
      41
      51
      52
      32
      43
      51
      53
      41
      42
      39
      46
      28
      32
      54
      48
      48
      46
      42
      48
      40
      46
      44
      43
      56
      39
      43
      44
      41
      45
      52
      46
      47
      50
      50
      47
      54
      36
      39
      44
      43
      47
      51
      37
      53
      45
      40
      39
      29
$ROI:
0
$PRESETS:
None
0
0
$ENER_FIT:
0.000000 0.000000
$MCA_CAL:
3
0.000000E+000 0.000000E+000 0.000000E+000 
$SHAPE_CAL:
3
0.000000E+000 0.000000E+000 0.000000E+000
