$SPEC_ID:
No sample description was entered.
$SPEC_REM:
DET# 7089150
DETDESC# PRAKTIKUM 926
AP# Maestro Version 7.01
$DATE_MEA:
02/10/2002 02:19:23
$MEAS_TIM:
2737 2760
$DATA:
0 8191
       0
       0
       0
       0
       0
       0
       0
       0
       0
       0
       0
       0
       0
       0
       0
       0
       0
       0
       0
       0
       0
       0
       0
       0
       0
       0
       0
       0
       0
       0
       0
       0
       0
       0
       0
       0
       0
       0
       0
       0
       0
       0
       0
       0
       0
       0
       0
       0
       0
       0
       0
       1
       7
      38
     148
     352
     484
     653
     770
     777
     810
     794
     779
     782
     780
     761
     813
     725
     756
     746
     717
     730
     677
     700
     651
     694
     682
     653
     669
     717
     685
     678
     645
     629
     643
     619
     623
     613
     631
     630
     623
     568
     600
     587
     629
     550
     578
     555
     600
     583
     524
     576
     602
     549
     555
     560
     541
     558
     546
     508
     514
     512
     541
     506
     591
     539
     517
     505
     477
     519
     516
     500
     503
     488
     496
     499
     489
     522
     485
     478
     482
     494
     496
     434
     488
     473
     484
     434
     460
     482
     440
     436
     482
     472
     448
     487
     448
     438
     424
     434
     438
     455
     406
     407
     421
     444
     398
     419
     424
     411
     436
     423
     408
     406
     446
     412
     387
     426
     404
     372
     399
     415
     418
     443
     410
     398
     413
     393
     369
     420
     380
     406
     374
     405
     405
     414
     400
     351
     405
     421
     403
     364
     398
     408
     370
     370
     381
     380
     385
     362
     392
     384
     379
     394
     373
     337
     404
     379
     392
     380
     390
     367
     388
     360
     350
     377
     357
     351
     380
     388
     398
     404
     371
     315
     331
     338
     373
     366
     410
     390
     399
     413
     408
     427
     412
     394
     386
     364
     349
     354
     336
     381
     338
     355
     356
     366
     370
     371
     380
     380
     337
     334
     363
     417
     314
     336
     392
     380
     388
     385
     386
     387
     403
     414
     421
     410
     385
     387
     391
     374
     387
     319
     350
     328
     379
     398
     326
     399
     389
     385
     379
     343
     325
     329
     362
     382
     352
     422
     385
     397
     390
     368
     389
     375
     412
     370
     414
     435
     398
     413
     424
     443
     411
     401
     436
     394
     425
     494
     506
     612
     693
     753
     804
     847
     747
     666
     555
     527
     466
     446
     454
     425
     421
     444
     460
     414
     437
     486
     437
     433
     495
     494
     522
     562
     531
     502
     521
     462
     472
     465
     520
     488
     479
     450
     469
     520
     492
     463
     507
     512
     516
     498
     485
     528
     559
     507
     546
     548
     549
     546
     563
     607
     681
     777
     930
    1168
    1457
    1552
    1717
    1545
    1420
    1198
     966
     966
    1036
    1316
    1686
    2208
    2477
    2561
    2504
    1975
    1518
    1201
     859
     731
     652
     654
     663
     626
     660
     639
     583
     590
     589
     615
     607
     608
     589
     636
     580
     509
     510
     478
     480
     468
     484
     574
     676
     710
     814
     816
     830
     731
     707
     649
     574
     492
     470
     491
     480
     529
     598
     740
     822
    1009
    1193
    1258
    1266
    1082
    1056
     840
     720
     590
     546
     554
     608
     619
     741
     755
     813
     774
     683
     703
     586
     573
     537
     563
     690
     863
    1102
    1295
    1621
    1718
    1678
    1576
    1326
    1112
     854
     766
     731
     657
     704
     747
     742
     663
     627
     579
     485
     439
     416
     388
     366
     405
     389
     417
     448
     487
     587
     632
     699
     800
     745
     686
     662
     583
     490
     427
     381
     399
     419
     340
     372
     380
     345
     369
     345
     355
     360
     403
     417
     373
     401
     325
     375
     399
     381
     377
     385
     395
     378
     372
     366
     394
     371
     402
     383
     379
     428
     417
     378
     361
     379
     381
     375
     378
     359
     404
     372
     421
     437
     434
     432
     417
     435
     403
     440
     438
     423
     472
     483
     490
     508
     512
     492
     487
     516
     474
     480
     469
     474
     472
     503
     463
     515
     420
     410
     425
     422
     379
     428
     436
     430
     417
     417
     354
     420
     379
     378
     385
     368
     374
     356
     362
     383
     320
     363
     388
     376
     354
     377
     328
     368
     356
     395
     336
     378
     359
     353
     347
     428
     390
     375
     419
     363
     369
     401
     387
     417
     386
     418
     383
     352
     364
     372
     356
     371
     381
     366
     369
     342
     389
     407
     341
     329
     384
     414
     383
     390
     385
     386
     340
     386
     350
     386
     341
     369
     379
     381
     351
     395
     361
     379
     364
     403
     373
     395
     423
     397
     356
     381
     403
     401
     398
     366
     370
     382
     372
     380
     389
     415
     373
     403
     365
     414
     361
     359
     395
     387
     417
     363
     382
     379
     401
     382
     385
     404
     377
     381
     350
     358
     365
     359
     409
     429
     400
     375
     402
     380
     375
     387
     396
     380
     368
     382
     383
     389
     425
     385
     399
     414
     433
     406
     408
     461
     485
     471
     518
     564
     586
     572
     598
     579
     527
     524
     494
     438
     420
     393
     405
     423
     378
     402
     408
     365
     411
     423
     390
     420
     399
     454
     433
     420
     418
     451
     442
     382
     426
     379
     415
     389
     440
     428
     428
     360
     450
     390
     448
     449
     431
     380
     404
     413
     423
     459
     441
     435
     479
     508
     476
     534
     526
     497
     483
     440
     408
     366
     399
     428
     376
     428
     388
     420
     417
     382
     386
     401
     376
     397
     389
     413
     407
     396
     403
     389
     406
     422
     379
     342
     372
     372
     356
     342
     365
     366
     358
     367
     326
     378
     375
     363
     422
     396
     391
     449
     408
     450
     396
     397
     367
     375
     358
     336
     348
     356
     326
     357
     339
     380
     371
     316
     357
     346
     339
     329
     323
     371
     337
     338
     369
     334
     348
     313
     328
     329
     355
     325
     347
     320
     324
     340
     360
     317
     301
     297
     303
     342
     328
     349
     324
     348
     323
     349
     332
     294
     343
     330
     336
     292
     319
     347
     330
     308
     330
     341
     339
     336
     319
     364
     334
     298
     316
     335
     326
     321
     321
     372
     307
     299
     341
     315
     353
     342
     339
     309
     352
     346
     304
     323
     339
     303
     325
     319
     334
     310
     359
     340
     308
     341
     346
     318
     346
     351
     321
     328
     350
     415
     489
     682
     867
    1204
    1492
    1739
    1915
    1860
    1757
    1545
    1198
     842
     662
     516
     376
     353
     347
     331
     298
     324
     286
     306
     327
     289
     278
     318
     319
     284
     277
     293
     301
     324
     278
     315
     293
     300
     308
     314
     289
     317
     297
     279
     303
     275
     313
     304
     269
     288
     314
     304
     268
     301
     307
     289
     332
     309
     326
     304
     337
     309
     298
     312
     276
     300
     292
     325
     300
     262
     296
     304
     302
     290
     303
     330
     276
     275
     300
     300
     290
     279
     257
     288
     290
     280
     317
     300
     286
     281
     267
     263
     236
     261
     271
     297
     277
     277
     276
     300
     318
     323
     330
     319
     323
     291
     260
     286
     239
     243
     257
     221
     245
     212
     240
     246
     246
     238
     218
     253
     257
     227
     272
     235
     214
     238
     254
     269
     274
     237
     215
     237
     244
     253
     236
     217
     256
     223
     233
     220
     199
     240
     233
     222
     254
     237
     242
     199
     221
     233
     226
     219
     263
     217
     209
     215
     229
     218
     218
     240
     204
     226
     208
     258
     221
     222
     219
     230
     192
     212
     229
     218
     242
     225
     228
     228
     203
     220
     205
     212
     210
     230
     220
     182
     203
     215
     184
     198
     226
     209
     217
     217
     232
     210
     225
     218
     193
     183
     193
     225
     218
     209
     216
     205
     223
     210
     207
     197
     186
     199
     223
     201
     195
     196
     207
     199
     215
     196
     170
     212
     175
     203
     205
     206
     197
     186
     227
     218
     218
     214
     191
     212
     187
     207
     202
     194
     180
     172
     193
     184
     182
     177
     214
     237
     212
     238
     260
     266
     315
     319
     325
     297
     262
     239
     201
     234
     190
     226
     177
     188
     182
     196
     213
     182
     217
     174
     171
     204
     212
     212
     224
     286
     348
     527
     691
    1078
    1393
    1636
    1723
    1645
    1446
    1208
     871
     654
     439
     305
     248
     209
     176
     168
     166
     178
     166
     173
     164
     154
     174
     161
     162
     154
     162
     159
     154
     153
     133
     162
     159
     169
     159
     154
     162
     185
     171
     153
     175
     160
     170
     172
     161
     147
     171
     181
     149
     160
     163
     162
     173
     142
     157
     147
     168
     155
     167
     144
     168
     141
     158
     161
     157
     155
     144
     170
     165
     182
     177
     187
     226
     202
     203
     196
     190
     164
     181
     174
     187
     223
     199
     205
     271
     277
     278
     256
     200
     213
     194
     166
     166
     166
     177
     161
     142
     154
     167
     142
     154
     149
     155
     145
     141
     141
     157
     132
     161
     151
     131
     179
     150
     147
     139
     145
     117
     136
     150
     146
     132
     145
     157
     130
     141
     144
     179
     146
     152
     150
     147
     165
     165
     186
     238
     251
     240
     265
     284
     245
     223
     234
     219
     230
     204
     236
     219
     224
     179
     166
     185
     149
     141
     155
     171
     172
     142
     154
     190
     185
     193
     195
     194
     220
     183
     184
     179
     147
     145
     131
     126
     138
     142
     135
     149
     130
     120
     140
     111
     136
     132
     131
     134
     128
     112
     150
     153
     132
     143
     153
     158
     146
     129
     151
     129
     145
     166
     135
     122
     137
     137
     120
     134
     137
     159
     131
     151
     149
     166
     132
     123
     118
     149
     106
     148
     150
     137
     167
     152
     160
     132
     142
     128
     147
     164
     128
     138
     125
     115
     135
     137
     118
     127
     138
     143
     142
     131
     122
     128
     130
     112
     123
     126
     103
     125
     117
     128
     164
     146
     141
     141
     188
     221
     321
     485
     783
    1160
    1619
    2184
    2703
    3068
    2860
    2713
    2307
    1787
    1254
     826
     537
     305
     204
     172
     159
     127
     134
     131
     115
     138
     121
     131
     131
     134
     143
     144
     144
     148
     147
     146
     125
     132
     133
     117
     125
      96
     140
     118
     134
     125
     112
     112
     136
     130
     105
     131
     118
     123
     108
     113
     109
     113
     121
     113
     120
      94
     113
     115
     118
     116
     100
     117
     112
     110
     106
     123
     109
     107
     100
      90
     123
     112
     106
     112
     115
     108
     100
     106
     113
     113
     110
     118
     119
      99
     119
     107
     128
     100
     120
     106
     109
     116
     106
     108
     131
     139
     103
     118
     105
      94
     109
     116
     113
     111
     106
     102
     122
     115
     102
     122
     106
     108
     137
     121
      99
     102
     110
     121
     107
      83
     115
      96
     115
     130
     105
      92
      93
     124
     104
      87
     100
      96
      97
     104
      99
     107
     104
     120
     119
     115
     140
     139
     132
     137
     127
     103
      95
     118
     104
     104
      99
     106
      95
     108
      87
      94
     107
     105
     106
     106
     102
     106
     115
      96
     102
     115
     102
     110
     126
     140
     120
     135
     131
     116
     122
     118
     106
     116
     104
     108
      97
     104
      83
     112
      93
     124
     112
     133
     109
     116
     128
     100
     127
     105
     104
     112
     105
     107
     109
     105
     100
     109
     105
     123
     112
     100
     119
     108
     116
     144
     124
     112
     136
     113
     112
     132
     115
     111
     102
     122
     101
      92
     102
      93
     100
      86
     104
     123
     106
     101
     109
     108
     108
      88
      96
      95
      91
     101
     116
     106
      98
      94
     107
     125
      95
      89
      98
     101
     104
     103
      94
     115
      95
      92
      98
      94
     100
     110
     111
     113
     117
     117
     141
     117
     136
     167
     177
     249
     363
     554
     851
    1382
    1940
    2692
    3431
    4012
    4405
    4549
    4114
    3484
    2766
    1973
    1370
     823
     498
     325
     184
     161
     152
      96
     116
     111
      99
      92
     121
      96
      87
      74
      94
      97
      87
      93
      89
      89
      88
     100
      83
      92
      92
      91
      71
      89
      98
      84
      72
      92
     100
      94
     102
      99
      89
      89
      81
     103
      97
      92
      80
      76
      82
      92
      84
      92
     104
      90
      93
      78
      79
      79
      82
      92
      71
      99
      84
      95
      93
      86
      91
      73
      85
      85
      81
      94
      79
      79
      86
      76
      75
      94
      76
      86
      87
      75
     100
      95
      86
      93
     106
      90
      84
     100
      80
      91
      99
      76
      79
     101
     107
      78
      76
      92
      96
      88
     104
      85
      92
      94
      94
      87
      79
      97
      86
      86
      95
      84
     104
      84
      85
      89
     106
      95
      87
      81
     110
      88
      92
      68
      94
      89
      80
      94
      82
      76
      92
      94
      90
      88
      88
      88
      84
      76
      99
      87
      80
      70
      82
     102
      94
      76
      97
      98
      94
      97
      87
      89
      80
     105
      81
      82
      87
      92
      99
     117
     112
     106
     131
     101
     126
     108
     104
     107
     113
     117
     114
     111
     127
     146
     117
     144
     102
     116
     115
     107
      90
      86
     102
     100
      98
      97
      88
      81
      76
      71
     100
      93
      92
      76
      77
      98
     100
      86
      98
     104
     100
      80
      99
     112
      94
      93
      97
      96
     104
     105
      83
     102
      92
      86
      99
      86
      88
      93
     108
      88
      96
      86
      88
      92
      91
     111
     101
     100
     107
      78
     113
      99
     117
     114
     104
     126
     122
     102
     112
     112
      87
     105
     105
     102
      92
      97
     117
      99
     122
     128
      94
     118
     121
     127
     123
     113
     107
     112
     103
     106
     104
      83
     101
      81
      98
      81
      77
      88
      83
      86
      92
      92
      81
      99
      98
      97
      75
      89
     106
      82
     100
      89
      98
      78
      97
     107
      94
     102
      86
      91
      88
      95
      80
      83
      66
     101
      97
     119
     100
     102
      92
      78
     102
      99
      90
      95
      99
     100
      95
      97
      99
     102
     110
     107
      86
      89
      92
     106
      86
     106
     113
      86
      82
      96
      91
      97
      90
      99
     114
      82
      74
      98
      95
     113
      84
      82
      87
     115
     109
     112
      88
      98
      97
      95
      97
     103
      91
      99
      92
      96
      86
      90
      95
      97
      90
     102
     102
     105
     106
     119
     101
      94
      94
      88
     108
     113
      87
      72
      88
      82
      79
      76
      68
      77
      90
      71
      70
      97
      91
      87
      61
      84
      93
      67
      81
      65
      85
      80
      69
      59
      69
      71
      65
      70
      81
      65
      70
      70
      81
      71
      65
      53
      55
      68
      69
      71
      69
      70
      51
      62
      75
      69
      70
      66
      65
      70
      61
      55
      67
      68
      73
      77
      71
      60
      61
      71
      49
      64
      81
      56
      66
      55
      60
      69
      71
      58
      73
      64
      63
      68
      71
      64
      73
      81
      57
      74
      55
      63
      69
      59
      45
      59
      62
      56
      58
      64
      63
      62
      56
      54
      67
      63
      63
      53
      58
      69
      61
      55
      67
      59
      62
      49
      62
      63
      59
      50
      61
      52
      53
      67
      54
      59
      72
      60
      59
      68
      77
      53
      75
      83
      75
      81
      69
      83
      74
      65
      71
      48
      56
      52
      58
      63
      48
      63
      62
      65
      55
      50
      59
      51
      59
      59
      68
      62
      44
      51
      71
      61
      68
      54
      79
      59
      66
      80
      80
      74
      70
      76
      58
      60
      59
      59
      72
      62
      59
      57
      40
      52
      65
      46
      48
      53
      61
      38
      53
      77
      66
      65
      59
      52
      64
      56
      51
      52
      59
      39
      53
      54
      50
      52
      69
      49
      67
      54
      66
      66
      65
      56
      63
      58
      50
      44
      57
      57
      46
      47
      50
      57
      53
      56
      64
      49
      65
      56
      51
      65
      61
      66
      71
      52
      59
      44
      47
      48
      42
      56
      46
      58
      52
      45
      45
      60
      62
      48
      47
      41
      58
      56
      60
      67
      55
      56
      73
      71
      70
      74
      81
      81
      61
      66
      52
      58
      64
      50
      45
      53
      48
      43
      39
      54
      46
      57
      46
      57
      38
      40
      56
      54
      44
      51
      55
      53
      60
      76
      84
      67
      87
      70
      84
      68
      52
      65
      60
      53
      49
      59
      48
      44
      52
      35
      42
      43
      47
      43
      51
      50
      41
      38
      57
      53
      51
      53
      47
      50
      47
      46
      38
      58
      43
      50
      45
      50
      38
      55
      46
      52
      46
      39
      48
      43
      52
      45
      54
      37
      64
      33
      38
      44
      44
      50
      51
      51
      54
      49
      42
      57
      41
      36
      43
      43
      43
      60
      52
      51
      45
      55
      59
      51
      53
      53
      54
      43
      40
      53
      38
      34
      44
      52
      39
      37
      41
      59
      42
      34
      47
      39
      44
      51
      35
      34
      48
      47
      46
      56
      48
      38
      49
      47
      55
      50
      49
      54
      45
      57
      43
      56
      60
      48
      68
      62
      48
      53
      51
      47
      64
      64
      58
      51
      47
      55
      48
      56
      44
      49
      47
      47
      54
      37
      33
      41
      44
      45
      42
      38
      47
      39
      46
      37
      38
      45
      34
      37
      41
      41
      36
      31
      52
      44
      47
      44
      42
      42
      38
      49
      40
      47
      45
      36
      48
      41
      56
      57
      40
      59
      47
      39
      26
      37
      37
      39
      42
      37
      35
      38
      34
      46
      41
      39
      43
      41
      38
      39
      35
      38
      31
      44
      34
      40
      40
      32
      45
      48
      55
      45
      46
      35
      53
      29
      48
      39
      45
      44
      41
      32
      38
      43
      43
      30
      35
      47
      37
      52
      52
      36
      55
      36
      50
      56
      51
      34
      41
      49
      56
      60
      51
      46
      37
      56
      36
      40
      41
      45
      36
      46
      55
      49
      39
      47
      45
      36
      32
      39
      41
      29
      38
      37
      33
      41
      40
      48
      33
      46
      42
      39
      34
      49
      45
      34
      59
      40
      43
      42
      52
      40
      37
      42
      57
      56
      54
      36
      39
      45
      29
      59
      44
      44
      44
      44
      63
      57
      49
      36
      37
      50
      45
      54
      47
      46
      50
      35
      44
      31
      39
      40
      38
      34
      38
      32
      33
      33
      52
      46
      41
      40
      37
      34
      44
      42
      44
      40
      41
      35
      30
      41
      38
      38
      30
      43
      28
      32
      43
      33
      43
      34
      28
      44
      32
      45
      28
      35
      42
      25
      41
      41
      54
      46
      42
      53
      39
      40
      36
      37
      27
      39
      35
      32
      40
      33
      34
      44
      33
      49
      34
      44
      33
      31
      39
      46
      38
      35
      41
      36
      46
      33
      30
      31
      34
      41
      40
      36
      38
      33
      35
      30
      39
      33
      36
      48
      35
      33
      36
      30
      33
      39
      35
      34
      40
      53
      34
      39
      49
      40
      39
      40
      41
      47
      35
      35
      32
      36
      48
      42
      29
      50
      44
      34
      34
      32
      41
      39
      48
      36
      29
      31
      37
      35
      47
      27
      37
      35
      31
      36
      32
      30
      32
      37
      31
      34
      46
      37
      30
      37
      44
      31
      41
      42
      43
      42
      34
      48
      46
      58
      47
      47
      54
      47
      48
      46
      55
      59
      40
      41
      51
      30
      41
      34
      61
      23
      41
      38
      35
      36
      44
      33
      35
      40
      22
      31
      26
      30
      39
      33
      26
      29
      36
      47
      31
      35
      36
      28
      39
      40
      32
      31
      42
      40
      33
      30
      29
      37
      40
      35
      31
      24
      35
      36
      34
      31
      27
      35
      26
      36
      32
      23
      33
      35
      45
      35
      43
      27
      42
      38
      32
      26
      38
      34
      39
      37
      39
      33
      27
      43
      35
      24
      26
      28
      35
      37
      22
      32
      32
      25
      34
      29
      35
      33
      34
      32
      33
      34
      51
      35
      37
      38
      27
      29
      39
      22
      39
      28
      32
      29
      29
      45
      47
      31
      34
      42
      37
      35
      43
      45
      48
      28
      42
      44
      48
      54
      55
      60
      95
      94
     110
     136
     203
     274
     377
     541
     705
     932
    1223
    1556
    1841
    2112
    2207
    2167
    2118
    1837
    1745
    1432
    1078
     764
     498
     401
     273
     163
      99
      49
      39
      57
      36
      32
      40
      43
      25
      39
      32
      26
      34
      35
      33
      32
      26
      24
      30
      25
      23
      36
      42
      21
      36
      36
      31
      33
      33
      48
      39
      36
      30
      38
      35
      28
      30
      26
      21
      26
      32
      34
      29
      26
      38
      34
      32
      31
      25
      38
      20
      32
      28
      33
      27
      32
      22
      26
      29
      35
      25
      31
      24
      43
      37
      24
      26
      31
      36
      30
      26
      29
      30
      31
      32
      25
      31
      26
      27
      25
      28
      29
      22
      33
      23
      26
      27
      19
      29
      31
      21
      36
      30
      32
      26
      32
      24
      31
      28
      29
      27
      32
      22
      22
      32
      33
      34
      25
      14
      33
      25
      22
      20
      32
      29
      17
      27
      30
      35
      31
      21
      26
      16
      28
      25
      26
      28
      30
      26
      35
      27
      40
      35
      25
      44
      29
      37
      28
      30
      36
      31
      40
      20
      32
      25
      19
      29
      29
      25
      39
      31
      30
      35
      26
      19
      34
      28
      21
      32
      23
      24
      23
      21
      30
      23
      25
      26
      33
      20
      23
      19
      26
      36
      25
      25
      31
      34
      40
      26
      32
      22
      34
      25
      25
      30
      31
      24
      28
      24
      28
      29
      25
      29
      31
      30
      22
      25
      30
      18
      20
      25
      34
      23
      27
      19
      34
      27
      34
      22
      31
      30
      28
      19
      32
      24
      24
      28
      31
      32
      37
      27
      28
      35
      30
      26
      23
      26
      28
      30
      29
      18
      31
      34
      34
      24
      36
      26
      23
      25
      23
      36
      29
      21
      25
      30
      36
      27
      33
      32
      32
      33
      37
      37
      51
      58
      63
      77
      68
     108
      89
      91
      61
      82
      68
      60
      41
      53
      36
      36
      28
      28
      24
      24
      27
      30
      12
      24
      32
      18
      26
      30
      19
      29
      28
      30
      27
      38
      25
      33
      29
      27
      29
      35
      28
      28
      17
      20
      20
      21
      23
      21
      23
      15
      27
      32
      26
      23
      24
      35
      27
      26
      28
      23
      29
      29
      27
      31
      29
      27
      30
      29
      24
      25
      23
      23
      22
      27
      20
      35
      24
      40
      31
      24
      29
      29
      35
      29
      34
      30
      24
      34
      32
      31
      31
      34
      27
      20
      28
      25
      30
      24
      28
      20
      22
      19
      27
      22
      32
      32
      19
      29
      29
      19
      31
      33
      27
      26
      19
      29
      33
      32
      35
      20
      24
      30
      30
      28
      21
      29
      23
      24
      39
      27
      22
      19
      24
      18
      24
      23
      28
      31
      24
      23
      20
      31
      24
      27
      29
      25
      34
      33
      25
      19
      21
      26
      34
      24
      20
      25
      32
      23
      37
      25
      36
      28
      39
      21
      30
      30
      17
      31
      22
      24
      30
      18
      27
      36
      18
      24
      29
      27
      26
      29
      29
      35
      34
      28
      52
      39
      48
      36
      42
      39
      40
      36
      51
      32
      31
      27
      30
      23
      31
      28
      30
      21
      31
      25
      25
      28
      28
      33
      44
      32
      30
      34
      16
      30
      24
      25
      25
      24
      27
      38
      29
      32
      18
      29
      37
      23
      39
      20
      33
      23
      20
      32
      28
      34
      20
      22
      29
      25
      11
      33
      30
      21
      19
      29
      22
      24
      30
      18
      32
      29
      32
      30
      33
      24
      33
      25
      25
      29
      23
      27
      35
      28
      30
      29
      29
      38
      42
      33
      36
      35
      36
      28
      44
      41
      27
      27
      29
      20
      34
      28
      28
      16
      30
      31
      36
      24
      25
      29
      18
      21
      21
      19
      33
      38
      32
      29
      36
      22
      25
      29
      26
      29
      21
      27
      16
      29
      20
      30
      18
      26
      35
      25
      26
      30
      27
      19
      29
      29
      25
      20
      15
      27
      29
      23
      26
      22
      30
      23
      25
      20
      30
      24
      26
      30
      34
      29
      34
      24
      23
      32
      20
      27
      20
      24
      25
      29
      22
      19
      24
      30
      29
      21
      30
      25
      31
      31
      19
      28
      16
      29
      26
      29
      26
      30
      22
      30
      33
      20
      24
      25
      31
      42
      38
      43
      47
      32
      44
      47
      40
      43
      42
      40
      34
      32
      23
      32
      33
      24
      22
      27
      28
      24
      33
      21
      34
      27
      20
      25
      26
      28
      26
      23
      26
      26
      12
      23
      30
      21
      19
      37
      25
      34
      20
      24
      22
      21
      28
      34
      23
      32
      28
      34
      26
      32
      24
      25
      30
      35
      27
      24
      32
      22
      23
      33
      24
      30
      20
      25
      27
      16
      33
      27
      23
      32
      28
      24
      24
      19
      18
      24
      26
      22
      20
      25
      25
      21
      27
      25
      35
      25
      26
      25
      27
      10
      30
      21
      21
      19
      31
      27
      32
      24
      27
      21
      24
      39
      30
      26
      25
      25
      35
      26
      29
      30
      32
      34
      47
      33
      55
      45
      57
      56
      72
      57
      88
     109
     100
     116
     149
     185
     181
     178
     178
     160
     180
     160
     141
     119
     105
      83
      72
      62
      54
      33
      43
      27
      28
      29
      35
      25
      20
      25
      37
      26
      27
      18
      25
      26
      35
      21
      22
      23
      16
      31
      22
      25
      37
      39
      32
      16
      33
      27
      23
      25
      24
      25
      17
      21
      22
      27
      21
      29
      30
      26
      21
      23
      22
      23
      25
      23
      29
      22
      27
      21
      26
      24
      19
      27
      24
      29
      23
      30
      25
      30
      24
      28
      30
      23
      35
      29
      34
      50
      48
      57
      66
      76
      74
      56
      68
      59
      53
      43
      48
      31
      40
      35
      25
      31
      32
      32
      13
      33
      22
      22
      13
      28
      17
      31
      20
      24
      19
      20
      17
      22
      19
      24
      21
      17
      29
      29
      30
      32
      28
      26
      23
      29
      23
      31
      25
      29
      41
      25
      22
      23
      35
      27
      23
      16
      21
      26
      33
      15
      29
      25
      27
      33
      22
      21
      26
      24
      27
      24
      15
      24
      37
      29
      25
      29
      24
      27
      27
      24
      22
      30
      21
      14
      25
      24
      26
      30
      15
      25
      38
      31
      16
      34
      35
      37
      49
      44
      39
      54
      56
      65
      61
      71
      55
      52
      53
      52
      48
      48
      34
      38
      38
      37
      28
      30
      24
      28
      29
      23
      27
      29
      22
      22
      31
      22
      26
      21
      24
      19
      27
      25
      21
      22
      26
      38
      31
      22
      21
      28
      25
      21
      28
      27
      23
      22
      25
      27
      28
      26
      27
      31
      16
      26
      28
      24
      22
      29
      27
      21
      20
      23
      32
      29
      21
      30
      32
      29
      21
      32
      24
      37
      30
      37
      33
      31
      26
      31
      31
      30
      31
      30
      28
      26
      28
      28
      19
      18
      29
      21
      36
      33
      25
      32
      21
      29
      27
      28
      41
      28
      31
      44
      33
      29
      26
      28
      29
      23
      26
      29
      28
      33
      20
      26
      31
      25
      25
      26
      27
      26
      28
      22
      22
      32
      38
      42
      35
      24
      30
      35
      29
      26
      24
      31
      31
      29
      33
      27
      32
      15
      17
      19
      33
      25
      24
      25
      32
      21
      28
      24
      29
      27
      33
      34
      47
      37
      42
      52
      44
      45
      47
      42
      52
      37
      41
      37
      36
      40
      31
      31
      24
      24
      27
      25
      24
      37
      20
      23
      22
      31
      28
      32
      28
      19
      27
      23
      28
      19
      23
      23
      21
      19
      28
      16
      19
      22
      34
      39
      21
      21
      19
      32
      27
      32
      25
      17
      35
      22
      26
      20
      25
      23
      25
      27
      24
      24
      28
      29
      21
      25
      23
      23
      32
      32
      27
      28
      36
      23
      26
      24
      34
      23
      26
      28
      30
      38
      19
      22
      22
      20
      25
      31
      24
      23
      24
      27
      29
      20
      19
      28
      19
      28
      17
      26
      29
      25
      20
      21
      29
      24
      23
      26
      27
      19
      32
      30
      24
      28
      24
      18
      34
      31
      27
      26
      21
      34
      25
      32
      29
      25
      27
      23
      32
      33
      26
      20
      28
      29
      25
      27
      28
      25
      25
      19
      27
      31
      21
      33
      24
      36
      22
      34
      30
      28
      31
      27
      29
      25
      20
      27
      19
      21
      33
      29
      23
      22
      25
      20
      27
      28
      25
      24
      29
      30
      24
      30
      23
      33
      27
      27
      27
      26
      34
      33
      40
      37
      16
      21
      21
      21
      27
      22
      22
      28
      27
      29
      30
      23
      35
      19
      26
      34
      30
      27
      32
      30
      33
      27
      27
      32
      29
      36
      32
      28
      35
      30
      29
      26
      33
      17
      28
      37
      38
      28
      30
      40
      36
      18
      25
      37
      34
      29
      25
      15
      35
      19
      27
      24
      20
      25
      28
      28
      29
      27
      28
      25
      38
      25
      23
      13
      29
      30
      28
      24
      25
      28
      19
      25
      29
      20
      25
      31
      27
      27
      26
      27
      26
      22
      20
      25
      22
      21
      30
      18
      25
      32
      25
      30
      32
      17
      36
      25
      32
      25
      22
      28
      32
      23
      34
      30
      28
      22
      21
      24
      31
      23
      28
      42
      26
      26
      33
      33
      31
      30
      33
      20
      37
      19
      34
      27
      26
      29
      23
      24
      29
      29
      35
      24
      21
      43
      23
      36
      38
      34
      39
      24
      30
      36
      24
      32
      28
      28
      45
      31
      27
      26
      30
      24
      29
      24
      26
      26
      31
      25
      41
      31
      23
      27
      26
      23
      26
      24
      25
      24
      25
      30
      26
      31
      25
      22
      24
      29
      41
      24
      27
      19
      24
      30
      26
      28
      30
      27
      26
      21
      26
      25
      30
      24
      23
      23
      22
      22
      27
      20
      20
      10
      36
      27
      26
      28
      25
      27
      27
      20
      21
      22
      20
      30
      24
      18
      19
      14
      23
      18
      24
      25
      24
      33
      20
      23
      10
      21
      26
      25
      27
      18
      26
      17
      25
      27
      26
      19
      18
      19
      16
      35
      25
      17
      32
      24
      22
      21
      21
      25
      26
      24
      25
      18
      30
      22
      22
      23
      19
      22
      26
      24
      29
      25
      33
      24
      21
      25
      31
      25
      17
      29
      33
      23
      27
      42
      34
      56
      77
      68
      74
      85
      84
      96
     104
     101
      81
      79
      76
      97
      72
      69
      53
      43
      45
      37
      34
      26
      24
      26
      28
      22
      21
      22
      21
      24
      27
      19
      20
      29
      19
      22
      29
      21
      17
      21
      21
      22
      20
      24
      13
      26
      22
      25
      20
      20
      13
      27
      14
      20
      24
      19
      10
      16
      26
      23
      11
      26
      28
      22
      21
      25
      25
      26
      25
      17
      20
      25
      18
      26
      18
      28
      21
      26
      25
      22
      24
      20
      24
      23
      29
      30
      17
      16
      16
      27
      22
      28
      26
      24
      21
      32
      20
      28
      18
      28
      22
      15
      14
      22
      23
      18
      17
      18
      20
      23
      19
      24
      21
      13
      20
      25
      27
      16
      24
      26
      13
      24
      17
      15
      13
      18
      11
      19
      20
      25
      19
      30
      31
      24
      23
      16
      26
       9
      28
      22
      13
      20
      27
      24
      24
      33
      22
      21
      23
      24
      29
      30
      26
      30
      25
      32
      25
      27
      27
      28
      23
      32
      24
      20
      21
      20
      25
      23
      28
      22
      22
      13
      22
      23
      17
      22
      18
      26
      23
      25
      14
      21
      21
      18
      24
      22
      20
      21
      19
      20
      20
      17
      15
      19
      14
      18
      20
      31
      13
      12
      23
      24
      21
      31
      23
      23
      25
      17
      20
      22
      20
      27
      17
      13
      23
      19
      27
      26
      25
      29
      18
      19
      16
      16
      17
      26
      19
      21
      30
      18
      11
      15
      15
      24
      20
      26
      17
      16
      18
      19
      18
      15
      25
      16
      23
      21
      20
      14
      23
      26
      21
      22
      23
      22
      25
      21
      16
      19
      41
      23
      22
      18
      20
      21
      22
      19
      21
      23
      26
      24
      19
      36
      21
      26
      29
      21
      28
      18
      25
      23
      16
      27
      29
      22
      20
      15
      23
      25
      28
      18
      29
      23
      13
      14
      22
      23
      18
      17
      20
      14
      21
      19
      22
      16
      17
      27
       9
      15
      22
      15
      16
      17
      31
      24
      23
      25
      16
      31
      18
      24
      23
      24
      29
      25
      29
      24
      42
      47
      39
      42
      44
      37
      43
      44
      33
      39
      34
      32
      25
      30
      21
      39
      35
      22
      23
      22
      17
      25
      15
      21
      22
      25
      24
      17
      17
      24
      21
      11
      22
      15
      19
      17
      16
      19
      21
      25
      22
      21
      15
      29
      11
      13
      18
      13
      23
      22
      23
      20
      18
      16
      14
      21
      18
      20
      17
       9
      20
      21
      22
      16
      15
      17
      19
      29
      20
      22
      18
      16
      15
      24
      21
      14
      14
      18
      20
      23
      20
      19
      15
      23
      17
      17
      21
      12
      17
      19
      15
      17
      16
      21
      16
      19
      22
      18
      20
      28
      24
      13
      19
      13
      16
      24
      20
      25
      16
      18
      24
      11
      21
      14
      15
      24
      19
      24
      21
      21
      16
      22
      16
      20
      31
      17
      28
      15
      16
      22
      13
      24
      16
      18
      27
      17
      17
      14
      17
      20
      15
      20
      18
      18
      25
      18
      18
      17
      16
      12
      13
      18
      12
      22
      27
      19
      14
      11
      17
      29
      17
      19
      20
      20
      18
      22
      20
      16
      16
      16
      19
      17
      22
      32
      11
      25
      18
      21
      12
      19
      13
      12
      15
      16
      16
      17
      14
      14
      21
      22
      16
      15
      17
      11
      24
      11
      16
      21
      14
      15
      16
      20
      19
       8
      22
      19
      15
      20
      19
      15
      11
      19
      16
      16
      24
      20
      17
      25
      20
      19
      19
       9
      19
      19
      23
      14
      15
      12
      15
      15
      16
      17
      18
      27
      21
      18
      16
      18
      18
      13
      12
      26
      17
      16
      20
      14
      25
      16
      20
      19
      25
      28
      25
      25
      16
      19
      17
      31
      21
      16
      16
      25
      18
      11
      29
      22
      14
      13
      20
      23
      16
      17
      24
      20
      19
      18
      22
      18
      14
      15
      18
       8
      17
      16
      22
      18
      16
      20
      17
      14
      17
      14
      12
      21
      18
      12
      13
       9
      16
      16
      28
      21
      13
      16
      11
      12
      20
      21
      16
      19
      23
      12
      18
      17
       7
      18
      31
      19
      11
      17
       9
      22
      25
      23
      18
      15
      16
      17
      16
      21
      19
      33
      21
      17
      23
      15
      16
      10
      16
      22
      17
      19
      20
      23
      10
      25
      22
      27
      13
      20
       8
      13
      22
      18
      23
      15
       8
      11
      16
       7
      16
      19
      19
      18
      23
      12
      11
      14
      19
      16
      13
      14
      20
      16
      19
      19
      16
      21
      18
      18
      17
      23
      17
      22
      20
      13
      22
      12
      16
       8
      16
      16
      17
      17
      18
      10
      10
      13
      12
      20
      25
      11
      22
      13
      15
      14
      14
      15
      20
      25
      16
      15
      17
      16
      21
       9
       7
      15
      15
      18
      17
      12
      24
      16
      16
      11
      22
      16
       8
      10
      12
      17
      25
      22
      18
      16
      17
      17
      17
      21
      27
      15
      19
      15
      20
      10
      11
      16
      15
      19
      13
      17
      20
      14
      16
      10
      24
      14
      16
      17
      11
      14
      19
      20
       7
      10
      18
      10
      12
      20
      13
      12
      16
      12
       7
      12
      20
      20
      23
      15
       5
      18
      19
      13
      16
      13
      12
       9
      14
      17
      20
      21
      22
      21
      13
      13
      13
      19
      26
      21
      22
      22
      20
      20
      23
      12
      15
      16
      17
      18
      24
      11
      11
      13
      26
      17
      19
      15
      14
      23
      22
      21
      11
      23
       4
      17
      14
      15
      14
      13
      23
      15
      18
      18
      13
      14
      19
      13
      13
      20
      15
      13
      27
      15
      26
      17
      19
      15
      16
      19
      16
      21
      19
      18
      25
      18
      20
      17
      28
      21
      16
      31
      39
      40
      39
      39
      42
      51
      71
      73
      91
     121
     137
     166
     165
     221
     223
     223
     263
     255
     300
     270
     276
     239
     234
     211
     176
     194
     148
     119
      91
      81
      58
      40
      32
      30
      21
      11
      13
      17
      15
      14
      17
      12
      14
      14
      21
      21
       7
      21
      19
      14
      24
      18
      14
       9
      12
      16
      16
      22
      15
      13
      20
      15
      16
      20
      17
       9
      21
      19
      25
      10
      21
      13
      15
      19
      11
      24
      21
      16
      14
      22
      19
      17
      20
      18
      21
      15
      19
      12
      21
      16
      16
      24
      15
      20
      19
      13
      12
      16
      17
      13
      10
      15
      15
      15
      12
      11
      21
      24
      16
      12
      14
      14
      12
      17
      20
      15
      16
      17
      27
      16
      17
      27
      12
      22
      20
      15
      25
      24
      17
      13
      14
      20
      11
      17
      11
      17
      21
      15
      21
       9
      16
      13
      19
      13
      16
      19
      13
      14
      20
      11
      12
      16
      14
      12
      17
      12
      16
      19
      16
       9
      22
      22
      18
      20
      16
      19
      20
      16
      14
      16
      16
      19
      22
      16
      18
      16
      25
      29
      25
      49
      35
      32
      43
      31
      39
      31
      48
      47
      51
      39
      29
      31
      37
      41
      32
      20
      22
      23
      15
      16
      16
      12
      19
      15
      14
      19
      13
      18
      21
      17
      22
      13
      18
      12
      16
      15
      17
       7
      11
      20
      23
      15
      15
      10
      19
      22
      20
      13
      19
      14
      14
      15
      18
      11
       9
      16
      11
      18
      19
      18
      14
      15
      13
      14
      20
      14
      14
      17
      11
      12
      20
      14
      16
      12
      12
      11
      14
      11
      19
      16
      18
      13
      16
       9
      15
      13
      17
      21
      12
      17
      11
      23
      21
      17
       8
      16
      15
      14
      18
      11
      21
      22
      13
       8
      20
      13
      17
      14
      13
      14
      16
      11
      11
      13
      12
      10
       4
      13
      12
       9
      13
      14
      17
      15
       9
      16
      16
      15
      20
      15
      13
      22
      19
      18
      24
      25
      18
      20
      11
      12
      18
      15
      19
      20
      15
      12
      18
      20
      13
      19
      12
      23
      18
      11
      13
      23
      11
      11
      10
      16
      14
      13
      11
       8
      12
      13
      12
      10
      19
      14
       8
       7
      16
      15
      12
      15
      12
      16
      11
      10
      17
      18
       4
      11
      17
       7
      16
      11
      12
      13
      12
      11
      14
      15
      20
      10
      19
       8
      12
      10
      15
      16
      10
      14
      14
      16
       9
      16
      12
      10
      20
      11
      11
      11
      16
      16
      10
      13
      15
      13
      10
      15
      15
      14
      14
      10
      14
      12
      14
      14
      11
      14
      11
      14
      14
      14
      13
       9
      15
      14
      16
      10
      15
       8
      15
      12
      17
      14
       9
      19
      31
      13
      16
      13
      23
      27
      16
      27
      19
      13
      18
      32
      18
      21
      14
      15
      15
      12
      17
      14
      14
      17
      11
      15
       9
      16
      14
      16
      13
       8
      18
      20
      14
      14
      12
      15
      10
      14
      15
      12
      15
      13
      14
      16
      11
      15
      11
      13
       5
      15
       8
      16
      17
      12
      18
      19
      12
      13
      18
      18
      18
      12
      14
       8
      14
      14
      13
      13
      10
      17
      11
      11
      16
       8
      13
      12
      14
      12
      12
      14
      18
      14
      11
      11
      22
      20
      13
       7
      11
      16
      15
      12
       9
      12
       8
      15
       9
       6
      13
      19
      13
      17
      12
      11
      10
      20
       9
      15
      12
      12
      16
      18
      11
      15
       6
      14
      18
      15
      17
      11
      13
       9
      15
       7
       8
       7
       7
      12
      18
      11
      21
      18
      16
      14
      15
      20
      16
      14
      24
      16
      18
      31
      20
      35
      33
      22
      39
      59
      55
      78
      86
      73
     100
      83
      97
      86
      93
     100
      88
      82
      89
      69
      78
      65
      50
      47
      45
      31
      29
      14
      27
      18
      17
       9
       5
      18
      14
       9
      17
      15
      14
       9
       8
      10
      17
       7
       9
       7
      10
      10
      13
      14
      14
      12
       7
       9
      10
      16
      12
       7
       7
      16
      14
      11
      17
       7
      13
      15
      14
      17
      15
      17
      10
      14
      13
      14
      18
      21
      16
      15
       5
      15
      21
      20
      19
      18
      19
      20
      17
      16
      14
      18
      10
      15
      18
       6
      18
      21
      16
      21
      18
      15
      14
      11
      11
      10
      21
       9
      11
      10
      11
      12
      13
       8
      16
       9
      14
      13
      11
      15
      11
      13
       8
      11
      16
       8
       8
      11
       8
      12
      11
      18
      13
      12
      16
       9
       9
       6
       8
      13
       8
      13
      14
      16
      14
      10
       9
       8
      13
      15
       9
      14
      14
      11
       9
      12
      16
      12
      13
      11
      17
      11
       8
       8
      10
      15
       6
      10
      15
      17
      12
      16
       9
      10
      14
      21
      11
       8
      12
      21
      10
      10
       9
      12
      12
      15
      19
      10
      17
      22
      14
      18
      18
      16
      10
      11
      10
       7
       9
      11
      13
      11
      18
       8
      15
      23
      16
      15
      19
      19
      17
      20
      14
      31
      26
      27
      31
      39
      30
      29
      22
      35
      24
      21
      36
      35
      19
      20
      35
      14
      23
      24
      28
      15
      20
      15
      14
       7
      12
      18
      15
      10
      10
      11
       9
      12
      14
       8
      15
      10
       9
      16
      11
       8
      13
       8
      10
      12
      11
       7
      14
      11
      10
      12
      12
      12
      12
       7
      11
      10
      17
      13
      17
      11
      14
      13
      10
       8
      14
       5
       8
      10
      14
      10
      10
      16
       5
      12
      14
      15
      14
      13
      11
      10
      15
       8
       9
      10
      12
      10
      13
       8
       8
      10
      19
      14
      16
      15
       5
      12
      11
      15
      10
      15
      18
      14
      17
      12
      14
       9
      11
      14
      12
      12
       9
      16
      11
      12
       8
      15
       9
      11
      21
       9
       9
      16
      16
      13
      11
      12
      17
      18
      16
      11
      14
       7
      12
      18
      14
       4
      14
      11
      12
       9
      12
       8
       7
       6
      11
       8
       8
      16
      12
      12
      10
       9
      15
       8
       6
      14
      14
      15
       9
      13
      15
      13
      12
       7
      13
      16
       6
      15
       9
       6
      10
      14
      10
      12
      14
      12
      11
      16
       8
      15
      16
       8
      10
       7
      14
      15
      11
       8
      10
      17
      11
      10
      10
      11
      13
      18
      13
      10
       8
      16
       9
      12
      15
      11
      15
      13
      16
       8
      16
       5
      11
       7
      11
      10
      15
      10
      11
       9
      16
      14
      15
       7
       7
      11
      13
       9
      14
       9
      10
      11
      13
      12
       7
      10
      15
      12
      11
      15
      12
      12
      13
      19
      13
      16
       9
      10
      15
       7
       6
      12
      16
       8
      11
       8
      10
      10
       8
      10
      11
      16
      11
       5
       9
      10
      11
      12
       8
       6
      10
      16
       3
      17
       9
      20
      14
      13
      14
      17
      11
       8
       9
       5
      11
      10
      10
      12
       8
      13
      11
      10
      15
      16
       5
       9
       6
       6
      13
      13
       8
      12
      12
      13
      10
       9
       9
       7
      11
      10
      14
       6
      14
       5
      11
      15
      13
       7
      12
       9
      10
      12
      12
      12
      14
      14
       8
      10
      10
      10
       8
      12
      10
      15
       7
       9
      17
      12
      10
      16
       7
       9
       7
      10
      10
       6
       6
      12
      10
      14
      10
      12
      14
      12
      12
      11
      10
      10
      10
      10
       7
       6
      14
      13
      20
      11
      11
       9
       5
       7
      12
      17
      10
       7
       8
      11
      13
      10
      11
      12
      12
       8
      11
       9
      14
      12
       7
      19
      14
       9
      10
      18
      15
      10
       9
       3
      10
       7
      17
      11
      11
      11
      10
       9
      14
       6
      12
      12
      21
       9
      10
      13
       6
       9
      13
       9
      15
       7
      12
      15
      11
       5
       8
      13
       4
      13
       8
      12
      13
      10
      17
      10
      12
      12
      17
      10
      16
      14
       7
      14
      11
       9
      12
      15
       7
      11
      15
      15
       9
      10
      14
      15
      12
      12
      10
       7
      17
      20
      15
      18
      21
      14
      16
      32
      27
      31
      32
      40
      44
      46
      41
      57
      55
      54
      54
      67
      78
      53
      63
      59
      51
      51
      50
      49
      47
      44
      47
      24
      26
      30
      25
      14
      20
       6
      16
      24
      14
      12
      22
      13
      13
       8
      20
      14
      16
      14
      22
      11
      13
      16
      25
      14
      12
      25
      16
      25
      18
      18
      23
      29
      16
      28
      17
      18
      16
      14
      14
      13
       9
      11
      11
      10
      12
      11
      13
      15
       8
       8
      12
      10
      13
       9
       9
      10
      12
      14
      10
       7
      12
      13
      12
       7
       9
       7
       8
      10
      12
       8
      12
       9
      12
       4
       9
      10
       8
      10
      14
      11
      10
      11
      10
       9
      14
      16
      10
      13
      14
      12
       9
      14
      16
      12
      18
      30
      16
      11
      27
      16
      24
      26
      28
      28
      27
      27
      20
      29
      21
      34
      16
      22
      18
      21
      22
      21
      19
      22
      13
      11
      24
      19
      23
      31
      17
      24
      36
      20
      20
      31
      30
      30
      37
      41
      44
      38
      32
      39
      42
      24
      32
      26
      27
      32
      31
      27
      27
      18
      21
      18
      11
      15
      18
      16
      13
      13
       7
      14
      17
      11
      10
      10
       7
      15
       9
       9
      12
       6
       8
      12
       6
       9
       7
      10
       5
      12
      15
       8
      10
      10
      21
      14
      11
      11
      11
      10
      10
      16
      11
      10
      12
      12
      10
      15
       7
      17
      11
      14
      11
      21
      10
      11
      11
       9
      12
      12
       7
      10
      14
       6
       8
      11
      15
      16
      11
      16
      11
      14
      18
       6
      13
      11
      13
      11
      12
      12
       8
       9
      19
      12
       7
      10
      10
      12
      10
       6
       7
       9
      10
      12
       6
      15
       9
      13
       4
       6
       7
      14
      16
      14
       6
      12
       8
      10
      11
       6
      12
      12
      11
      14
       9
      14
      13
      13
      12
      11
      11
      12
       8
      13
      14
       9
       9
      11
      13
      12
      14
      10
      18
      11
       9
       6
      18
      16
      16
       8
      14
      17
      12
      15
       8
      15
       9
       9
       6
       9
      12
      16
      15
      10
       2
      15
      12
       9
      16
      10
      13
       9
      14
       7
       5
       4
      10
       8
      12
      15
      10
       6
      16
      12
      10
      12
       6
      14
       9
       6
       7
      14
       8
      12
      10
      17
       9
      11
       9
      10
      14
       8
      10
       7
      13
       9
      14
      10
      10
      11
      11
       8
       9
      12
      14
      11
      10
       7
      10
       5
      11
      10
       9
      16
       7
      11
       9
      12
      14
      11
       9
      21
      12
       9
      12
      17
       8
      10
      11
      21
      10
      12
      15
      13
      14
      13
      19
      20
      14
      13
      10
      16
      22
      21
      22
      11
      16
      14
      17
      15
      13
      17
      11
      14
      12
      10
      16
      10
      12
      11
       5
       9
      14
       8
      12
      12
       6
       3
      20
      10
      10
      13
      18
      11
       8
      11
      18
      14
      13
      14
      11
      17
      17
      16
      14
      15
      19
      16
      12
      11
       9
      10
      12
      10
       8
      13
       9
      12
       5
      11
      16
      17
      12
      13
      14
      14
      12
      16
       9
      16
      11
      16
      13
      16
      14
      13
      18
      19
       9
      14
       9
      19
      12
       8
      10
      15
      17
       8
      13
       9
      10
      11
      21
      11
      15
      15
       8
      15
      12
      18
      10
      15
       8
      12
      11
      13
      12
      10
      16
      15
      10
       8
       9
      13
      11
      10
       9
      11
      10
      15
      11
      15
      10
      15
       9
      13
      16
      11
      13
      11
       6
      17
      14
       7
      12
      14
      10
      14
      14
      10
      16
      10
       6
      14
      15
       8
      10
      15
       9
      15
       8
      15
      11
      10
       8
      14
       8
      11
      12
      11
      10
       9
      11
      16
      18
       8
       7
       7
      16
      12
      10
      15
      12
      12
      13
       9
      11
      10
      10
      16
      11
      17
       6
      17
      12
      12
      12
       8
      11
      17
      20
      15
       9
      17
      19
       7
      12
      13
      14
       9
       6
      18
      11
      17
      13
      11
      18
       6
      14
      12
      19
       8
      11
      16
      10
      15
      10
      24
      18
       9
      10
      17
      21
      11
      24
      24
      26
      20
      24
      28
      28
      33
      27
      26
      39
      32
      29
      33
      29
      30
      22
      30
      41
      32
      30
      23
      22
      20
      20
      15
      22
      12
      13
      13
      11
      11
      18
      12
      13
      12
      17
      11
      15
      13
      13
       8
       6
       6
       7
       9
      12
      15
      17
      12
      15
      17
       5
      13
      14
      16
      13
      17
      10
      13
      14
      16
      10
       9
      13
      10
      20
       7
      12
       9
       8
      11
      11
      16
       6
      11
      13
      13
       9
       7
      11
       9
      11
      15
      11
      16
      13
       7
      15
      14
       8
      10
       8
      10
       7
       9
       6
      10
      11
      10
      17
      10
      13
      11
      14
      14
      12
       9
      24
      14
      13
      14
      14
      14
      14
       9
      12
      11
       9
      10
      20
      18
      10
      10
       9
       7
      12
      19
      13
      17
      10
      13
      10
      12
      14
       9
      16
      15
      12
       8
      13
       4
      12
      17
      16
      15
      13
      14
      15
      14
      21
      12
      12
      12
      16
      14
      15
      16
      10
      15
      18
      20
      17
      15
      17
      13
      11
      21
       9
      12
      17
      18
      16
      16
      11
      10
      13
      13
      13
      17
       9
      13
      13
      16
      16
      14
       8
       9
      16
       9
      11
       4
       5
      14
      13
      12
       6
       8
       8
      10
       8
      10
       8
      14
      11
       8
       3
      14
       4
       9
       2
      10
       8
      15
       4
      12
       8
      15
       2
       9
       9
      12
       5
       9
       3
      11
       8
      11
      11
       6
       7
      10
      17
       6
       8
       9
       7
      10
       8
       7
      12
       7
       7
       8
       8
      11
       8
       9
       6
       4
      10
       4
       8
      10
      10
       8
       6
       8
       8
       4
       9
      11
       9
       9
      10
       8
       9
       6
      10
      10
       7
       4
       6
      10
       7
       4
      12
      13
       7
       8
       9
      14
      10
       6
       5
       7
       7
       5
      11
       6
       9
       5
       8
       9
       1
       4
       9
      10
      11
       8
      10
       6
       5
       8
       7
      12
       7
      12
       4
       5
       5
      11
      10
       9
       9
       7
       7
       6
       6
       3
       9
       5
      12
       6
      11
       4
      10
      11
       7
      13
       6
       6
       9
       5
       7
       7
       7
       4
      12
      11
      10
      10
       6
       9
      11
       5
       7
       9
       6
       9
       4
      11
       7
      13
      11
       7
       8
      10
       7
      13
      11
      16
      14
      11
      14
      16
       6
      11
      18
       7
      13
      21
      11
      17
      14
       9
      15
      16
       8
      12
       9
       7
      14
       6
      10
       6
      10
       9
       6
       3
       8
      10
       7
       8
       2
       7
       2
       9
       6
       7
       3
       6
       6
       7
      11
      10
      10
      11
      10
       8
       7
       5
       9
       8
      10
       6
      14
      13
      10
       9
      13
      10
      14
       8
      14
      10
      15
      12
      10
       6
       5
      14
      15
       6
      12
      11
       6
       7
      12
      11
       5
       6
      10
       8
      12
      10
       8
       9
       9
       7
       8
      10
      11
       7
      12
       6
      13
       9
      10
       8
       5
      10
       5
       6
       9
       4
       6
       9
      13
       5
      16
       4
       9
       6
       8
       7
      10
       4
       7
       8
       4
       4
       7
      10
      12
       8
      11
       7
       5
       8
       4
       3
       7
      10
       8
       6
       7
       7
      12
       8
       9
       8
       8
      14
       1
       9
       3
       8
       3
       9
       5
       6
       7
       6
       7
      12
      11
       8
       8
       1
       3
       5
       6
       4
       6
       1
       5
       6
       6
       9
       6
       4
       4
       4
       7
       6
       9
       5
       6
      11
       9
       7
       5
       5
       4
       5
       8
       5
       6
       5
       7
       5
       9
       3
       5
       7
       5
       6
       4
       2
      13
       2
       7
       8
       2
       5
      12
       3
       2
       2
      10
       6
       5
      13
      12
       5
       5
       8
      10
       4
       5
       7
       6
       5
       8
       7
       6
       9
       3
      10
       6
       4
       4
       7
       9
       3
       7
       2
      11
       8
       7
       3
       5
       6
       3
       5
       4
       4
       2
       4
       6
       6
       6
       8
       6
       6
       4
       7
       3
       7
       5
       6
       4
       9
       6
       8
       5
       4
       4
       9
       7
       6
       5
       3
       5
       7
       3
       3
       4
       4
       3
       1
       3
       4
       5
       5
       6
       8
       6
       3
       5
       8
       5
       6
       6
       4
       6
       4
       6
       3
       7
       5
       7
       3
       1
       4
       6
       3
       3
       5
       2
       6
      12
       7
       6
       2
       2
       5
       2
       4
       3
       7
       2
       7
       5
       6
       2
       5
       5
       6
       6
       7
       4
       5
       4
       3
       3
       4
       3
       5
       3
       6
       6
       6
       7
       1
       4
       5
       5
       4
       5
       6
       5
       1
       6
       8
       3
       4
       5
       5
       4
       4
       8
       6
       5
       6
       8
      12
       7
       7
       6
       5
       7
      12
      13
      10
       9
       9
      12
       5
      60
      84
      86
      70
      71
      80
      89
      84
      70
      81
      64
      95
      88
      88
      82
      66
      77
      68
      63
      82
      70
      78
      72
      65
      61
      67
      67
      60
      61
      64
      65
      81
      56
      67
      69
      64
      74
      70
      75
      68
      72
      69
      75
      74
      68
      58
      70
      55
      54
      67
      72
      74
      75
      60
      73
      57
      87
      72
      84
      78
      64
      68
      68
      72
      58
      71
      63
      58
      68
      60
      77
      59
      63
      67
      59
      46
      72
      65
      65
      76
      58
      67
      87
      61
      66
      59
      66
      54
      66
      74
      66
      72
      70
      81
      78
      80
      58
      64
      49
      74
      64
      64
      50
      66
      67
      57
      61
      68
      72
      70
      74
      55
      77
      65
      72
      65
      49
      55
      47
      68
      69
      63
      67
      69
      75
      76
      55
      60
      66
      64
      66
      57
      65
      59
      56
      61
      72
      59
      64
      71
      62
      59
      63
      61
      62
      79
      60
      61
      52
      62
      58
      60
      61
      76
      57
      57
      80
      66
      58
      71
      66
      58
      72
      62
      76
      57
      57
      50
      62
      66
      81
      63
      55
      63
      64
      67
      77
      66
      71
      66
      50
      58
      57
      51
      47
$ROI:
0
$PRESETS:
None
0
0
$ENER_FIT:
0.000000 0.000000
$MCA_CAL:
3
0.000000E+000 0.000000E+000 0.000000E+000 
$SHAPE_CAL:
3
0.000000E+000 0.000000E+000 0.000000E+000
