#Winkel/Grad    U_max_1*100k/V  U_max_2*100k/V   U_max_3*100k   U_min*100k/V
0               1.80            1.76             1.78           1.68    1.72    1.72
15              1.59            1.52             1.56           0.82    0.81    0.82
30              1.36            1.36             1.29           0.48    0.29    0.25
45              1.45            1.36             1.38           0.13    0.13    0.08
50              1.49            1.61             1.55           0.20    0.07    0.06
60              1.96            1.97             1.87           0.19    0.30    0.10
70              2.33            2.29             2.33           0.55    0.41    0.37
80              2.12            2.06             2.07           0.90    0.83    0.79
90              2.07            1.64             1.87           2.12    1.84    2.29
100             2.70            2.91             2.59           2.30    1.61    1.83
110             4.05            3.97             4.23           0.99    0.91    0.95
120             5.03            5.16             4.71           0.75    0.45    0.59
130             5.41            5.66             5.87           0.30    0.21    0.29
140             5.35            5.43             5.40           0.25    0.46    0.39
150             5.39            4.10             4.90           0.94    0.75    0.74
160             3.86            4.17             4.03           1.23    1.38    1.27
170             2.67            2.80             2.86           1.71    1.51    1.60
180             1.82            1.85             1.83           1.81    1.83    1.75