Messtiefe_ainm
0.03183333333333334
0.03273333333333333
0.033633333333333335
0.03453333333333333
0.03543333333333333
0.036333333333333336
0.037233333333333334
0.03813333333333334
0.03903333333333334
0.039933333333333335
0.04083333333333333
0.04173333333333333
0.042633333333333336
0.043533333333333334
0.04443333333333333
0.04533333333333334
Messtiefe_binm
0.03183333333333334
0.03273333333333333
0.033633333333333335
0.03453333333333333
0.03543333333333333
0.036333333333333336
0.037233333333333334
0.03813333333333334
0.03903333333333334
0.039933333333333335
0.04083333333333333
0.04173333333333333
0.042633333333333336
0.043533333333333334
0.04443333333333333
0.04533333333333334
Messung_2_b Messtiefe in mm
0.012
0.012499999999999999
0.013
0.0135
0.014
0.0145
0.015
0.0155
0.016
0.016499999999999997
0.017
0.017499999999999998
0.018000000000000002
0.0185
0.018999999999999996
0.0195
Messung_2_b Momentangeschwindigkeit in m/s
0.0
19.1
19.1
22.3
25.5
25.5
25.5
25.5
22.3
19.1
22.3
22.3
22.3
22.3
22.3
22.3
Messtiefe_b in s
0.03183333333333334
0.03273333333333333
0.033633333333333335
0.03453333333333333
0.03543333333333333
0.036333333333333336
0.037233333333333334
0.03813333333333334
0.03903333333333334
0.039933333333333335
0.04083333333333333
0.04173333333333333
0.042633333333333336
0.043533333333333334
0.04443333333333333
0.04533333333333334
Messung_2_b Intensität in V**2/s
29.0
39.0
72.0
94.0
128.0
132.0
145.0
136.0
117.0
111.0
68.0
127.0
443.0
530.0
199.0
54.0
