#Hysteresewerte in Ampere und mT
0       0
1       203.1
2       384.1
3       512.9
4       593.3
5       657.5
6       698.5
7       733.6
8       762.9
9       792.2
10      824.1
9       809.4
8       793.0
7       773.8
6       751.7
5       723.5
4       689.5
3       538.3
2       472.1
1       342.2
0       130.5
-1      -72.6
-2      -258.3
-3      -394.3
-4      -485.7
-5      -541.4
-6      -590.4
-7      -627.9
-8      -658.7
-9      -690.7
-10     -715.2
-9      -703.7
-8      -687.0
-7      -665.6
-6      -643.1
-5      -614.6
-4      -578.6
-3      -532.2
-2      -463.5
-1      -336.7
0       -126.2
1       84.3
2       274.3
3       404.7
4       493.1
5       552.6
6       617.6
7       642.2
8       667.8
9       694.6
10      736.8