# Widerstand in Ohm, Heizstrom in mA , Spannung in V, Zeit in hh, mm ,ss
18.4                 160.7              16.85         0           0   0
22.7                 162.2              16.91         0           0   5
27.0                 164.2              17.21         0           4   27
31.3                 165.5              17.37         0           9   42
35.5                 166.2              17.48         0           15  12
39.7                 166.8              17.57         0           21  5
43.8                 166.3              17.63         0           26  53
47.9                 167.6              17.62         0           33  2
52.0                 167.9              17.73         0           39  34
56.1                 167.1              17.76         0           45  49
60.2                 168.3              17.77         0           52  25
64.3                 168.5              17.79         0           59  32
68.3                 168.6              17.81         1           6   13
72.3                 168.8              17.82         1           12  52
76.3                 168.8              17.83         1           20  10
80.3                 168.9              17.84         1           27  02
84.2                 169.4              17.89         1           33  22
88.3                 169.7              17.91         1           41  10
92.1                 169.8              17.92         1           48  12
96.1                 169.8              17.92         1           56  08
100.0                169.9              17.92         2           03  37
103.9                170.0              17.92         2           11  17