die Koeffizienten der Ausgleichsfunktion der Plateaufunktion
0.8466403162055233
14433.415019762853
Beschreibung
350.0
360.0
370.0
380.0
390.0
400.0
410.0
420.0
430.0
440.0
450.0
460.0
470.0
480.0
490.0
500.0
510.0
520.0
530.0
540.0
550.0
560.0
Näherung der Totzeit
7.153271977655214e-07
delta_q
1.6285539797787882e-09
1.2384752992981974e-09
1.415571284125379e-09
1.6127948390565151e-09
1.6272289646755713e-09
1.7734784361144699e-09
1.796773974001225e-09
2.027712064886786e-09
2.4489795918367347e-09
2.795713239699128e-09
2.9171449794044163e-09
3.1166700840680744e-09
3.0532306662202876e-09
3.229061553985873e-09
3.2323232323232323e-09
3.297366128275584e-09
3.282051282051282e-09
3.6180904522613062e-09
4.042854255104103e-09
4.053780149989865e-09
4.013914905004014e-09
3.993078663649674e-09
3.9677291363576245e-09
4.690975264541349e-09
4.738712649730157e-09
4.786279332579937e-09
4.712041884816754e-09
4.7574996696180784e-09
4.87708947885939e-09
4.813155959622969e-09
4.707112970711297e-09
4.67441407518016e-09
4.623089764992937e-09
5.420054200542005e-09
6.103375929811177e-09
5.736503282554657e-09
delta_Q_in_elementarladung
10164634443.038496
7729954819.065208
8835301015.414629
10066273623.214725
10156364349.24797
11069181752.368946
11214581063.483572
12655983253.384447
15285328345.618195
17449469555.172207
18207386860.47032
19452724611.811275
19056766909.635807
20154216991.195198
20174574786.1358
20580540611.45161
20484952859.768658
22582344390.00879
25233511519.954567
25301705592.030655
25052886303.695866
24922836714.205097
24764617409.57848
29278764681.705807
29576718004.55278
29873605887.201683
29410252183.322964
29693977359.665318
30440398239.258
30041356598.781666
29379488321.20652
29175397868.024086
28855056720.250095
33829317476.7521
38094276250.76186
35804437293.738846
