#U = 4, I =2.1
2       0.002
4       0.007
6       0.012
8       0.016
10      0.024
12      0.030
14      0.036
16      0.042
18      0.049
20      0.056
22      0.064
24      0.071
26      0.080
28      0.088
30      0.093
32      0.101
34      0.110
36      0.117
38      0.124
40      0.132
42      0.138
44      0.145
46      0.152
48      0.159
50      0.165
52      0.170
54      0.167
56      0.173
58      0.180
60      0.186
65      0.197
70      0.209
75      0.218
80      0.223
85      0.228
90      0.227
95      0.230
100     0.232
110     0.238
120     0.243
130     0.246
140     0.247
150     0.249
160     0.251
170     0.252
180     0.254
190     0.255
200     0.256